0    Mesh check switch
2    dimensionality
1    Problem code (1: potential, 2: elasticity, 3: thermoelasticity)
1    number of materials
1  80.0  80.0       material_number    lambda_x  lambda_y
         808        :TOTAL NUMBER OF NODE
           1  0.30000001      0.10000000    
           2  0.30000001      0.10625000    
           3  0.30000001      0.11250000    
           4  0.30000001      0.11875000    
           5  0.30000001      0.12500000    
           6  0.30000001      0.13124999    
           7  0.30000001      0.13750000    
           8  0.30000001      0.14375000    
           9  0.30000001      0.15000001    
          10  0.29393941      0.15000001    
          11  0.28787878      0.15000001    
          12  0.28181818      0.15000001    
          13  0.27575758      0.15000001    
          14  0.26969695      0.15000001    
          15  0.26363635      0.15000001    
          16  0.25757575      0.15000001    
          17  0.25151515      0.15000001    
          18  0.24545453      0.15000001    
          19  0.23939393      0.15000001    
          20  0.23333333      0.15000001    
          21  0.22727272      0.15000001    
          22  0.22121212      0.15000001    
          23  0.21515152      0.15000001    
          24  0.20909090      0.15000001    
          25  0.20303030      0.15000001    
          26  0.19696970      0.15000001    
          27  0.19090910      0.15000001    
          28  0.18484849      0.15000001    
          29  0.17878789      0.15000001    
          30  0.17272729      0.15000001    
          31  0.16666666      0.15000001    
          32  0.16060606      0.15000001    
          33  0.15454546      0.15000001    
          34  0.14848486      0.15000001    
          35  0.14242424      0.15000001    
          36  0.13636364      0.15000001    
          37  0.13030303      0.15000001    
          38  0.12424242      0.15000001    
          39  0.11818182      0.15000001    
          40  0.11212121      0.15000001    
          41  0.10606061      0.15000001    
          42  0.10000000      0.15000001    
          43  9.98257101E-02  0.14409843    
          44  9.92873684E-02  0.13808286    
          45  9.83637348E-02  0.13198403    
          46  9.71201956E-02  0.12617423    
          47  9.55073163E-02  0.12036300    
          48  9.35147852E-02  0.11457422    
          49  9.12159160E-02  0.10901639    
          50  8.85839835E-02  0.10360088    
          51  8.56020376E-02  9.83057916E-02
          52  8.23083594E-02  9.32079777E-02
          53  7.87369385E-02  8.83518532E-02
          54  7.48647600E-02  8.37031826E-02
          55  7.07106814E-02  7.92893246E-02
          56  6.62968159E-02  7.51352385E-02
          57  6.16481453E-02  7.12630525E-02
          58  5.67920208E-02  6.76916391E-02
          59  5.16942069E-02  6.43979609E-02
          60  4.63991128E-02  6.14160150E-02
          61  4.09836061E-02  5.87840788E-02
          62  3.54257710E-02  5.64852208E-02
          63  2.96369977E-02  5.44926785E-02
          64  2.38257647E-02  5.28797992E-02
          65  1.80159751E-02  5.16362637E-02
          66  1.19171347E-02  5.07126302E-02
          67  5.90157369E-03  5.01742922E-02
          68  8.88178400E-18  5.00000007E-02
          69   0.0000000      4.37499993E-02
          70  8.88178400E-18  3.75000015E-02
          71   0.0000000      3.12500000E-02
          72  1.77635680E-17  2.50000004E-02
          73  1.77635680E-17  1.87500007E-02
          74   0.0000000      1.25000002E-02
          75  8.88178400E-18  6.25000009E-03
          76  1.77635680E-17   0.0000000    
          77  5.88235306E-03   0.0000000    
          78  1.17647061E-02   0.0000000    
          79  1.76470596E-02   0.0000000    
          80  2.35294122E-02   0.0000000    
          81  2.94117648E-02   0.0000000    
          82  3.52941193E-02   0.0000000    
          83  4.11764719E-02   0.0000000    
          84  4.70588244E-02   0.0000000    
          85  5.29411733E-02   0.0000000    
          86  5.88235296E-02   0.0000000    
          87  6.47058785E-02   0.0000000    
          88  7.05882385E-02   0.0000000    
          89  7.64705911E-02   0.0000000    
          90  8.23529437E-02 -3.55271360E-17
          91  8.82352889E-02   0.0000000    
          92  9.41176489E-02   0.0000000    
          93  0.10000000       0.0000000    
          94  0.10000000      5.83333336E-03
          95  0.10000000      1.16666667E-02
          96  0.10000000      1.75000001E-02
          97  0.10000000      2.33333334E-02
          98  0.10000000      2.91666668E-02
          99  0.10000000      3.50000001E-02
         100  0.10000000      4.08333354E-02
         101  0.10000000      4.66666669E-02
         102  0.10000000      5.24999984E-02
         103  0.10000000      5.83333336E-02
         104  0.10000000      6.41666651E-02
         105  0.10000000      7.00000003E-02
         106  0.10583333      7.00000003E-02
         107  0.11166667      7.00000003E-02
         108  0.11750000      7.00000003E-02
         109  0.12333333      7.00000003E-02
         110  0.12916666      7.00000003E-02
         111  0.13500001      7.00000003E-02
         112  0.14083333      7.00000003E-02
         113  0.14666668      7.00000003E-02
         114  0.15250000      7.00000003E-02
         115  0.15833333      7.00000003E-02
         116  0.16416666      7.00000003E-02
         117  0.17000000      7.00000003E-02
         118  0.17000000      6.41666651E-02
         119  0.17000000      5.83333336E-02
         120  0.17000000      5.24999984E-02
         121  0.17000000      4.66666669E-02
         122  0.17000000      4.08333354E-02
         123  0.17000000      3.50000001E-02
         124  0.17000000      2.91666668E-02
         125  0.17000000      2.33333334E-02
         126  0.17000000      1.75000001E-02
         127  0.17000000      1.16666667E-02
         128  0.17000000      5.83333336E-03
         129  0.17000000       0.0000000    
         130  0.17600000       0.0000000    
         131  0.18200001       0.0000000    
         132  0.18799999       0.0000000    
         133  0.19399999       0.0000000    
         134  0.20000000       0.0000000    
         135  0.20017429      5.90157509E-03
         136  0.20071262      1.19171366E-02
         137  0.20163625      1.80159789E-02
         138  0.20287982      2.38257665E-02
         139  0.20449269      2.96370015E-02
         140  0.20648521      3.54257748E-02
         141  0.20878409      4.09836061E-02
         142  0.21141602      4.63991128E-02
         143  0.21439797      5.16942106E-02
         144  0.21769165      5.67920245E-02
         145  0.22126307      6.16481453E-02
         146  0.22513525      6.62968159E-02
         147  0.22928932      7.07106814E-02
         148  0.23370318      7.48647600E-02
         149  0.23835187      7.87369460E-02
         150  0.24320798      8.23083594E-02
         151  0.24830580      8.56020376E-02
         152  0.25360090      8.85839835E-02
         153  0.25901639      9.12159160E-02
         154  0.26457423      9.35147852E-02
         155  0.27036300      9.55073163E-02
         156  0.27617425      9.71201956E-02
         157  0.28198403      9.83637348E-02
         158  0.28808287      9.92873684E-02
         159  0.29409844      9.98257101E-02
         160  0.29585704      0.14579771    
         161  9.59689990E-02  3.98484012E-03
         162  0.17429653      4.08025784E-03
         163  3.99647187E-03  4.23261058E-03
         164  4.22260212E-03  4.57906574E-02
         165  0.29576850      0.10421801    
         166  0.19611432      4.12687520E-03
         167  0.10406318      0.14574099    
         168  0.17537364      9.18642059E-03
         169  9.48849469E-02  9.07685235E-03
         170  9.08439085E-02  4.98752203E-03
         171  9.10663139E-03  5.31470776E-03
         172  0.29055539      0.14480092    
         173  0.17979397      5.29433554E-03
         174  0.10924248      0.14440824    
         175  0.19108984      5.38999680E-03
         176  0.29023772      0.10516723    
         177  0.29470426      0.14042510    
         178  0.10485687      0.14027116    
         179  0.29478967      0.10963225    
         180  0.19573884      9.48585849E-03
         181  9.66944918E-03  4.49357405E-02
         182  5.06094471E-03  9.67456773E-03
         183  5.54550346E-03  4.04189378E-02
         184  0.17577553      1.46695264E-02
         185  9.41059813E-02  1.45247309E-02
         186  1.45704029E-02  5.77965518E-03
         187  8.53909180E-02  5.36227645E-03
         188  0.17566587      2.03740336E-02
         189  9.40644816E-02  2.00643372E-02
         190  0.28490388      0.14447598    
         191  0.17536758      2.62116548E-02
         192  9.46056619E-02  2.60876268E-02
         193  0.17514771      3.21535617E-02
         194  0.17510280      3.80664542E-02
         195  0.17515647      4.38903756E-02
         196  0.17518525      4.97445837E-02
         197  0.17523809      5.57557680E-02
         198  0.17542255      6.19632639E-02
         199  0.17502151      6.81076124E-02
         200  9.48556066E-02  3.21251303E-02
         201  9.49439108E-02  3.80399786E-02
         202  9.50081050E-02  4.39011902E-02
         203  9.50445086E-02  4.97776754E-02
         204  9.49940383E-02  5.57510220E-02
         205  9.48142335E-02  6.19150177E-02
         206  9.45171043E-02  6.83482364E-02
         207  0.18566874      6.69931574E-03
         208  0.11473474      0.14413297    
         209  2.03201715E-02  5.88259567E-03
         210  7.96635449E-02  5.37790917E-03
         211  2.62753144E-02  5.68846753E-03
         212  7.36938268E-02  5.19238692E-03
         213  6.77241907E-02  5.09636477E-03
         214  3.22327130E-02  5.46924211E-03
         215  3.81924137E-02  5.25460020E-03
         216  6.18129671E-02  5.06500714E-03
         217  5.59360944E-02  5.05458517E-03
         218  4.41489518E-02  5.10593969E-03
         219  5.00622131E-02  5.05572325E-03
         220  0.27898178      0.14449248    
         221  0.27282679      0.14467116    
         222  0.12086851      0.14452042    
         223  0.26668370      0.14472190    
         224  0.26060304      0.14471543    
         225  0.25454798      0.14471151    
         226  0.24849361      0.14471903    
         227  0.24243233      0.14473338    
         228  0.23636451      0.14474680    
         229  0.23030199      0.14474943    
         230  0.22424097      0.14475013    
         231  0.21818027      0.14475034    
         232  0.21211965      0.14475042    
         233  0.20605904      0.14475043    
         234  0.19999839      0.14475037    
         235  0.19393779      0.14475027    
         236  0.18787722      0.14475015    
         237  0.18181664      0.14475007    
         238  0.17575602      0.14475004    
         239  0.16969544      0.14475000    
         240  0.16363525      0.14475028    
         241  0.15757596      0.14475220    
         242  0.15151705      0.14475706    
         243  0.14545602      0.14476329    
         244  0.29383811      0.13467407    
         245  0.12710938      0.14470610    
         246  0.13328061      0.14475773    
         247  0.13938521      0.14476666    
         248  0.29446569      0.11567333    
         249  0.29373923      0.12873891    
         250  0.29424641      0.12220264    
         251  5.85722458E-03  1.55342016E-02
         252  5.81302401E-03  2.15047691E-02
         253  5.44636091E-03  2.81756781E-02
         254  5.70316240E-03  3.47353704E-02
         255  0.28405997      0.10602402    
         256  0.10433622      0.13454309    
         257  0.19620310      1.54809393E-02
         258  1.54433977E-02  4.53176610E-02
         259  0.27791876      0.10390505    
         260  0.27182713      0.10189621    
         261  0.26570782      9.96670052E-02
         262  0.25967824      9.74292457E-02
         263  0.25386685      9.49331671E-02
         264  0.24820839      9.21792239E-02
         265  0.24288230      8.90262574E-02
         266  0.23776524      8.53647143E-02
         267  0.23246531      8.14595893E-02
         268  0.22756976      7.72940367E-02
         269  0.22293709      7.24447072E-02
         270  0.21823445      6.76070675E-02
         271  0.21455739      6.25563785E-02
         272  0.21157102      5.69458865E-02
         273  0.20837960      5.11748977E-02
         274  0.20497812      4.55485918E-02
         275  0.20241360      4.01230529E-02
         276  0.20058545      3.40744294E-02
         277  0.19850440      2.78263688E-02
         278  0.19703104      2.17756368E-02
         279  2.16618367E-02  4.67156842E-02
         280  2.78955102E-02  4.84244972E-02
         281  3.43287028E-02  5.01511060E-02
         282  4.02396470E-02  5.21967299E-02
         283  4.59237285E-02  5.49284890E-02
         284  5.13963923E-02  5.78760765E-02
         285  5.66153228E-02  6.12670854E-02
         286  6.18427321E-02  6.51065037E-02
         287  6.72141388E-02  6.90795779E-02
         288  7.22118914E-02  7.31002390E-02
         289  7.69676343E-02  7.75023848E-02
         290  8.16583186E-02  8.18993747E-02
         291  8.54047611E-02  8.67165476E-02
         292  8.85766223E-02  9.23908055E-02
         293  9.17078182E-02  9.81875509E-02
         294  9.47351083E-02  0.10405744    
         295  9.75669324E-02  0.10991345    
         296  0.10012516      0.11575440    
         297  0.10185916      0.12164834    
         298  0.10301648      0.12817423    
         299  0.10141513      7.60651007E-02
         300  0.10796816      7.61275738E-02
         301  0.11439858      7.58628771E-02
         302  0.12052532      7.58028850E-02
         303  0.12644832      7.58050084E-02
         304  0.13230932      7.57987276E-02
         305  0.13815549      7.57969692E-02
         306  0.14400597      7.57991672E-02
         307  0.14986552      7.58126006E-02
         308  0.15573023      7.58437663E-02
         309  0.16159031      7.58960992E-02
         310  0.16738163      7.57481307E-02
         311  0.17328149      7.48518258E-02
         312  9.47110951E-02  7.50025511E-02
         313  1.07647730E-02  1.13480557E-02
         314  1.66527238E-02  1.18284225E-02
         315  2.29988508E-02  1.15846954E-02
         316  2.91191600E-02  1.12474654E-02
         317  3.51350121E-02  1.07759349E-02
         318  4.12058607E-02  1.03184534E-02
         319  4.71925735E-02  1.01415291E-02
         320  5.30791171E-02  1.01268627E-02
         321  5.89479320E-02  1.01442290E-02
         322  6.48405626E-02  1.01742148E-02
         323  7.08262771E-02  1.02264285E-02
         324  7.70118982E-02  1.04479622E-02
         325  8.33147541E-02  1.08852051E-02
         326  8.91626999E-02  1.05848350E-02
         327  8.77124593E-02  1.65125746E-02
         328  8.90556648E-02  2.30427869E-02
         329  8.96511674E-02  2.93475874E-02
         330  8.97751153E-02  3.53097618E-02
         331  8.99189115E-02  4.11576517E-02
         332  9.00694355E-02  4.70225364E-02
         333  9.01250467E-02  5.29593751E-02
         334  8.99758786E-02  5.91197573E-02
         335  8.95761475E-02  6.56346008E-02
         336  8.91261324E-02  7.25800395E-02
         337  1.22836372E-02  1.78240910E-02
         338  1.06692351E-02  2.47576907E-02
         339  1.06837070E-02  3.20744887E-02
         340  1.20101608E-02  3.89224254E-02
         341  8.06254968E-02  1.56502500E-02
         342  8.34296197E-02  2.08215285E-02
         343  7.40380287E-02  1.53149692E-02
         344  6.79357275E-02  1.53487138E-02
         345  6.20107800E-02  1.53272338E-02
         346  5.61236367E-02  1.52612701E-02
         347  5.02480567E-02  1.52479466E-02
         348  4.43416014E-02  1.52670387E-02
         349  3.82023193E-02  1.57246478E-02
         350  3.20231803E-02  1.67447720E-02
         351  2.60052737E-02  1.73242707E-02
         352  1.93856824E-02  1.72673780E-02
         353  1.66618396E-02  2.29743347E-02
         354  1.48739461E-02  2.87861079E-02
         355  1.68939345E-02  3.47628109E-02
         356  1.91632248E-02  4.05119658E-02
         357  2.56495196E-02  4.21176068E-02
         358  3.20889242E-02  4.43640277E-02
         359  8.44712332E-02  2.69445870E-02
         360  8.44206214E-02  3.27064246E-02
         361  8.46098065E-02  3.84211764E-02
         362  8.49849209E-02  4.42856848E-02
         363  8.52039829E-02  5.01758419E-02
         364  8.52711946E-02  5.61550409E-02
         365  8.48837271E-02  6.24696910E-02
         366  8.41714963E-02  6.89630285E-02
         367  3.92063819E-02  4.55010682E-02
         368  4.53497171E-02  4.83633317E-02
         369  5.09680398E-02  5.11004291E-02
         370  5.62899113E-02  5.43479957E-02
         371  6.58792108E-02  5.65897860E-02
         372  6.68426454E-02  6.30240664E-02
         373  7.28976503E-02  6.67440221E-02
         374  7.81622976E-02  7.12667033E-02
         375  8.33428651E-02  7.55611584E-02
         376  8.88929740E-02  7.99272358E-02
         377  9.18184370E-02  8.62732604E-02
         378  9.47475880E-02  9.24955383E-02
         379  9.77344513E-02  9.87634659E-02
         380  0.10098264      0.10482907    
         381  0.10408688      0.11075554    
         382  0.10701852      0.11668811    
         383  0.10734549      0.12403184    
         384  0.10871585      0.13109288    
         385  0.11065433      0.13798644    
         386  0.11738496      0.13894598    
         387  0.11462345      0.13331062    
         388  0.12389230      0.13942131    
         389  0.13018572      0.13953476    
         390  0.13633454      0.13954073    
         391  0.14242072      0.13953052    
         392  0.14848390      0.13951810    
         393  0.15454285      0.13950731    
         394  0.16060251      0.13950166    
         395  0.16666311      0.13950029    
         396  0.17272402      0.13950035    
         397  0.17878476      0.13950060    
         398  0.18484540      0.13950090    
         399  0.19090609      0.13950114    
         400  0.19696687      0.13950114    
         401  0.20302767      0.13950080    
         402  0.20908831      0.13950019    
         403  0.21514864      0.13949968    
         404  0.22120903      0.13949932    
         405  0.22727096      0.13949716    
         406  0.23333549      0.13949150    
         407  0.23940875      0.13947660    
         408  0.24549975      0.13941611    
         409  0.25155351      0.13937043    
         410  0.25759071      0.13935775    
         411  0.26365268      0.13939162    
         412  0.26981333      0.13943972    
         413  0.27617514      0.13927101    
         414  0.28267467      0.13876943    
         415  0.28873101      0.13897800    
         416  0.12099221      0.13416976    
         417  0.12720954      0.13433382    
         418  0.13332130      0.13432747    
         419  0.13939273      0.13430078    
         420  0.14545164      0.13428074    
         421  0.15150893      0.13426483    
         422  0.15756841      0.13425510    
         423  0.16362962      0.13425156    
         424  0.16969104      0.13425140    
         425  0.17575212      0.13425228    
         426  0.18181317      0.13425317    
         427  0.18787439      0.13425341    
         428  0.19393578      0.13425253    
         429  0.19999696      0.13425049    
         430  0.20605759      0.13424785    
         431  0.21211733      0.13424583    
         432  0.21817690      0.13424528    
         433  0.22424015      0.13424301    
         434  0.23031445      0.13422470    
         435  0.23639393      0.13419473    
         436  0.24249518      0.13414194    
         437  0.24865152      0.13393810    
         438  0.25467265      0.13384876    
         439  0.26069388      0.13388407    
         440  0.26682818      0.13405216    
         441  0.27309605      0.13418567    
         442  0.27985737      0.13380301    
         443  0.28715846      0.13272288    
         444  0.28848901      0.12556595    
         445  0.28273228      0.12814088    
         446  0.27615061      0.12890723    
         447  0.27019858      0.12861289    
         448  0.26413104      0.12842241    
         449  0.25793988      0.12812592    
         450  0.25200480      0.12813385    
         451  0.24566168      0.12868781    
         452  0.23951852      0.12879418    
         453  0.23341478      0.12888603    
         454  0.22729710      0.12896881    
         455  0.22121105      0.12898523    
         456  0.21514517      0.12898488    
         457  0.20908593      0.12898517    
         458  0.20302700      0.12898986    
         459  0.19696680      0.12899700    
         460  0.19090527      0.12900361    
         461  0.18484278      0.12900741    
         462  0.17878020      0.12900768    
         463  0.17271817      0.12900539    
         464  0.16665676      0.12900266    
         465  0.16059570      0.12900238    
         466  0.15453568      0.12900756    
         467  0.14847894      0.12902059    
         468  0.14242907      0.12904094    
         469  0.13639861      0.12906782    
         470  0.13040890      0.12910341    
         471  0.12448184      0.12912002    
         472  0.11856185      0.12893930    
         473  0.11264313      0.12717834    
         474  0.28906232      0.11839943    
         475  0.28386965      0.12108181    
         476  0.27896014      0.12378700    
         477  0.27373779      0.12264609    
         478  0.26820478      0.12279101    
         479  0.26181409      0.12281623    
         480  0.28912565      0.11143623    
         481  0.25572884      0.12175103    
         482  0.24887793      0.12311456    
         483  0.24272339      0.12315082    
         484  0.23664603      0.12334023    
         485  0.23043689      0.12363124    
         486  0.22428915      0.12371163    
         487  0.21818611      0.12372503    
         488  0.21211387      0.12371615    
         489  0.20605324      0.12371189    
         490  0.19999509      0.12371885    
         491  0.19393633      0.12373395    
         492  0.18787520      0.12375022    
         493  0.18181103      0.12376020    
         494  0.17574576      0.12376042    
         495  0.16968215      0.12375300    
         496  0.16362135      0.12374375    
         497  0.15756282      0.12373924    
         498  0.15150647      0.12374425    
         499  0.14545485      0.12375988    
         500  0.13942064      0.12378047    
         501  0.13343950      0.12379752    
         502  0.12757830      0.12381107    
         503  0.12192824      0.12383917    
         504  0.11661171      0.12383811    
         505  0.11206976      0.12056357    
         506  0.28386602      0.11389340    
         507  0.27845472      0.11081055    
         508  0.27849525      0.11758570    
         509  0.27272302      0.10854245    
         510  0.27261594      0.11574886    
         511  0.26672873      0.10584999    
         512  0.26711401      0.11212748    
         513  0.26639044      0.11792704    
         514  0.26060945      0.10359322    
         515  0.25447774      0.10132313    
         516  0.24863733      9.87461358E-02
         517  0.24278785      9.59954262E-02
         518  0.23760124      9.24481377E-02
         519  0.23253272      8.80440995E-02
         520  0.22644787      8.41937363E-02
         521  0.22131547      7.88190067E-02
         522  0.21637325      7.36288279E-02
         523  0.21082477      6.82602376E-02
         524  0.20809630      6.20393641E-02
         525  0.20570347      5.60537241E-02
         526  0.20224127      5.00989109E-02
         527  0.19795492      4.47669178E-02
         528  0.19648707      3.84607799E-02
         529  0.26133293      0.10987189    
         530  0.26109686      0.11647189    
         531  0.19497828      3.21003087E-02
         532  0.19224036      2.53566578E-02
         533  0.19161911      1.85234621E-02
         534  0.25532970      0.10764673    
         535  0.25605696      0.11414199    
         536  0.25142431      0.11774831    
         537  0.24580695      0.11715397    
         538  0.24001628      0.11734693    
         539  0.23368952      0.11812668    
         540  0.22746330      0.11837960    
         541  0.22128400      0.11847340    
         542  0.21516369      0.11846717    
         543  0.20908418      0.11843442    
         544  0.20301963      0.11841598    
         545  0.19696040      0.11842199    
         546  0.19090313      0.11844873    
         547  0.18484138      0.11847935    
         548  0.17877211      0.11849339    
         549  0.17270236      0.11848304    
         550  0.16663961      0.11845548    
         551  0.16058464      0.11842681    
         552  0.15453175      0.11841208    
         553  0.14847890      0.11841609    
         554  0.14242889      0.11843294    
         555  0.13639103      0.11844777    
         556  0.13037433      0.11845201    
         557  0.12437268      0.11850898    
         558  0.11829516      0.11883654    
         559  0.25007764      0.11179111    
         560  0.24911681      0.10551674    
         561  0.24374403      0.11057250    
         562  0.23696250      0.11234535    
         563  0.23070437      0.11282675    
         564  0.22445530      0.11317863    
         565  0.21826459      0.11325993    
         566  0.21214905      0.11320149    
         567  0.20606585      0.11312812    
         568  0.19999102      0.11308101    
         569  0.19392294      0.11307734    
         570  0.18786190      0.11311965    
         571  0.18178251      0.11315665    
         572  0.17569473      0.11314819    
         573  0.16962418      0.11308596    
         574  0.16358212      0.11300390    
         575  0.15754794      0.11294382    
         576  0.15149772      0.11292494    
         577  0.14544277      0.11292884    
         578  0.13937789      0.11295029    
         579  0.13327880      0.11297979    
         580  0.12709349      0.11307281    
         581  0.12069926      0.11344299    
         582  0.24354561      0.10281882    
         583  0.23910575      0.10647771    
         584  0.23362778      0.10675853    
         585  0.22755420      0.10764133    
         586  0.22136547      0.10803018    
         587  0.21524706      0.10802312    
         588  0.20916113      0.10790825    
         589  0.20307261      0.10777725    
         590  0.19697171      0.10767215    
         591  0.19087711      0.10764606    
         592  0.18478559      0.10770912    
         593  0.17863940      0.10771158    
         594  0.17251477      0.10758831    
         595  0.16648607      0.10738824    
         596  0.16050857      0.10723053    
         597  0.15448503      0.10718135    
         598  0.14843436      0.10716297    
         599  0.14237149      0.10717294    
         600  0.13627557      0.10721762    
         601  0.13010001      0.10733101    
         602  0.12376292      0.10764325    
         603  0.23721321      9.99932885E-02
         604  0.23063511      0.10164280    
         605  0.23250970      9.53586772E-02
         606  0.22435065      0.10260671    
         607  0.22664255      9.68472213E-02
         608  0.22825867      9.09449160E-02
         609  0.21829639      0.10278695    
         610  0.22104134      9.72154140E-02
         611  0.22330150      9.07996669E-02
         612  0.22019470      8.50472525E-02
         613  0.21226113      0.10273321    
         614  0.21523567      9.74634662E-02
         615  0.21801771      9.18096155E-02
         616  0.20620522      0.10255115    
         617  0.20928888      9.73581225E-02
         618  0.21225186      9.21024531E-02
         619  0.21512412      8.67996588E-02
         620  0.20010364      0.10232592    
         621  0.20329207      9.70348194E-02
         622  0.20651275      9.16745365E-02
         623  0.20997716      8.60881433E-02
         624  0.19393204      0.10214564    
         625  0.18776527      0.10209248    
         626  0.18161516      0.10221488    
         627  0.17531915      0.10202098    
         628  0.16921283      0.10156881    
         629  0.16333312      0.10115386    
         630  0.15735188      0.10109612    
         631  0.15133284      0.10106412    
         632  0.14529055      0.10105371    
         633  0.13923220      0.10108221    
         634  0.13313840      0.10117697    
         635  0.12696044      0.10140769    
         636  0.19707558      9.67534557E-02
         637  0.20030776      9.14458781E-02
         638  0.20375885      8.61510187E-02
         639  0.21465133      8.02911296E-02
         640  0.20778096      8.08276162E-02
         641  0.21019314      7.47927651E-02
         642  0.11069966      0.10990398    
         643  2.36877911E-02  3.54099199E-02
         644  2.01171692E-02  2.92016678E-02
         645  2.28343755E-02  2.28937156E-02
         646  2.94159707E-02  2.35452577E-02
         647  2.52759214E-02  2.85883807E-02
         648  3.54109854E-02  2.14755535E-02
         649  4.16113995E-02  2.04185564E-02
         650  4.74739373E-02  2.04830673E-02
         651  5.33312224E-02  2.04770938E-02
         652  5.91963157E-02  2.05531027E-02
         653  6.51480928E-02  2.06864197E-02
         654  7.10283294E-02  2.05878131E-02
         655  7.69652873E-02  2.02447847E-02
         656  7.96027482E-02  2.47918125E-02
         657  7.88423419E-02  3.00549120E-02
         658  7.89222419E-02  3.55073363E-02
         659  7.97231123E-02  4.14599553E-02
         660  8.01980197E-02  4.74334843E-02
         661  8.04101303E-02  5.32953180E-02
         662  8.04854110E-02  5.91928437E-02
         663  7.94546306E-02  6.54299855E-02
         664  7.42254034E-02  2.58838534E-02
         665  6.85379207E-02  2.62119286E-02
         666  6.23013228E-02  2.60363482E-02
         667  5.63391298E-02  2.60098521E-02
         668  5.05905449E-02  2.58922242E-02
         669  4.46858220E-02  2.58777365E-02
         670  3.93681973E-02  2.55030897E-02
         671  3.45106907E-02  2.79177334E-02
         672  2.98725907E-02  3.78357768E-02
         673  0.19072750      9.64396894E-02
         674  0.19380017      9.10442770E-02
         675  0.19707546      8.58053938E-02
         676  0.20072432      8.08775723E-02
         677  0.18448044      9.63867679E-02
         678  0.17831692      9.66560245E-02
         679  0.17184919      9.58327278E-02
         680  0.16606987      9.47532207E-02
         681  0.16006805      9.47066322E-02
         682  0.15405756      9.46880504E-02
         683  0.14805399      9.46665853E-02
         684  0.14204758      9.46692005E-02
         685  0.13604037      9.47189331E-02
         686  0.13003437      9.48470384E-02
         687  0.18721449      9.05172527E-02
         688  0.19034570      8.51128325E-02
         689  0.19420670      7.97047392E-02
         690  0.19091086      1.16643896E-02
         691  0.18117058      1.12296352E-02
         692  0.18139896      1.74822304E-02
         693  0.18096420      2.34553553E-02
         694  0.18672188      2.10372210E-02
         695  0.18040127      2.94158701E-02
         696  0.18589324      2.68576648E-02
         697  0.18987545      3.05882152E-02
         698  0.18019369      3.54197174E-02
         699  0.18517549      3.29450108E-02
         700  0.18036200      4.11825329E-02
         701  0.18566175      3.86928171E-02
         702  0.19072756      3.61111015E-02
         703  0.18041153      4.69164960E-02
         704  0.18036395      5.28717414E-02
         705  0.18040024      5.92386201E-02
         706  0.18076012      6.62509650E-02
         707  0.18587768      4.42241393E-02
         708  0.19162075      4.17705067E-02
         709  0.18571667      4.98883612E-02
         710  0.19147694      4.72035781E-02
         711  0.19619152      5.06255999E-02
         712  0.19074957      5.31451218E-02
         713  0.18549018      5.59179448E-02
         714  0.18564168      6.21093884E-02
         715  0.19073576      5.94114587E-02
         716  0.19564937      5.68256266E-02
         717  0.20024504      5.47262095E-02
         718  7.26929381E-02  3.19142193E-02
         719  7.42307082E-02  3.84331979E-02
         720  7.51714930E-02  4.46614027E-02
         721  7.54873976E-02  5.06163202E-02
         722  7.56477714E-02  5.63416779E-02
         723  7.57775232E-02  6.17662147E-02
         724  6.56715706E-02  3.12675089E-02
         725  6.85547739E-02  3.63357700E-02
         726  5.91115840E-02  3.17669213E-02
         727  5.33987433E-02  3.19494903E-02
         728  4.74525057E-02  3.10879797E-02
         729  4.06975597E-02  3.13086994E-02
         730  3.52026224E-02  3.41912024E-02
         731  3.53671312E-02  4.02471460E-02
         732  4.01129760E-02  3.83402966E-02
         733  4.47266772E-02  3.58818285E-02
         734  4.49970849E-02  4.20882404E-02
         735  5.00027575E-02  3.74498144E-02
         736  5.58314212E-02  3.88461053E-02
         737  6.19500168E-02  3.66815068E-02
         738  5.07470220E-02  4.40958291E-02
         739  6.02520071E-02  4.34833802E-02
         740  5.58118299E-02  4.69904803E-02
         741  6.51578009E-02  4.07923795E-02
         742  7.00643435E-02  4.23834287E-02
         743  7.06458539E-02  4.80982810E-02
         744  7.08936751E-02  5.40865846E-02
         745  7.09925145E-02  6.00491725E-02
         746  6.52004108E-02  4.62349020E-02
         747  6.10199533E-02  5.10365665E-02
         748  6.64535463E-02  5.13082854E-02
         749  9.63748768E-02  8.10186267E-02
         750  9.83734354E-02  8.69148448E-02
         751  0.10406674      8.21040794E-02
         752  0.11134242      8.17327425E-02
         753  0.11776254      8.17909464E-02
         754  0.12374691      8.18835720E-02
         755  0.12962963      8.18678066E-02
         756  0.13550253      8.18454549E-02
         757  0.14138141      8.18370506E-02
         758  0.14727506      8.18456858E-02
         759  0.15318684      8.18747357E-02
         760  0.15914419      8.19476396E-02
         761  0.16516322      8.20072815E-02
         762  0.17109245      8.12802240E-02
         763  0.10076568      9.34129134E-02
         764  0.10394929      8.84286389E-02
         765  0.10946383      8.76583755E-02
         766  0.11538944      8.80518258E-02
         767  0.12109990      8.84063244E-02
         768  0.12693864      8.83179158E-02
         769  0.13283238      8.82280618E-02
         770  0.13875929      8.81802589E-02
         771  0.14470255      8.81698579E-02
         772  0.15066101      8.81850645E-02
         773  0.15666991      8.82189199E-02
         774  0.16279848      8.82704183E-02
         775  0.16926044      8.82122889E-02
         776  0.10373194      9.93380100E-02
         777  0.10737293      0.10503301    
         778  0.11722288      0.10839414    
         779  0.12066488      0.10188301    
         780  0.11423481      0.10251574    
         781  0.10935485      9.93609875E-02
         782  0.12404602      9.51030180E-02
         783  0.11279874      9.44256708E-02
         784  0.10692161      9.37423781E-02
         785  0.17498942      9.12924036E-02
         786  0.17602864      8.56187046E-02
         787  0.17726122      7.97137618E-02
         788  0.18091410      9.05810520E-02
         789  0.18319023      8.44085142E-02
         790  0.18799219      7.89385587E-02
         791  0.18234231      7.79694021E-02
         792  0.17881702      7.27991015E-02
         793  0.18481007      7.27147684E-02
         794  0.18677187      6.79035932E-02
         795  0.19153281      6.57837093E-02
         796  0.19660264      6.28344640E-02
         797  0.20164192      6.00556135E-02
         798  0.19158310      7.29514137E-02
         799  0.19725031      6.88871294E-02
         800  0.20322751      6.56647533E-02
         801  0.19814482      7.47873634E-02
         802  0.20418224      7.64099434E-02
         803  0.20414524      7.10520074E-02
         804  6.13493472E-02  5.84663041E-02
         805  2.96499152E-02  3.13839801E-02
         806  0.11816089      9.53961462E-02
         807  0.11399648      0.11468206    
         808  0.18640716      1.42416749E-02
1455        :TOTAL NUMBER OF ELEMENT
1	3	1	8	9	160	1.000000 
2	3	1	160	9	10	1.000000 
3	3	1	92	93	161	1.000000 
4	3	1	161	93	94	1.000000 
5	3	1	128	129	162	1.000000 
6	3	1	162	129	130	1.000000 
7	3	1	75	76	163	1.000000 
8	3	1	163	76	77	1.000000 
9	3	1	67	68	164	1.000000 
10	3	1	164	68	69	1.000000 
11	3	1	159	1	165	1.000000 
12	3	1	165	1	2	1.000000 
13	3	1	133	134	166	1.000000 
14	3	1	166	134	135	1.000000 
15	3	1	41	42	167	1.000000 
16	3	1	167	42	43	1.000000 
17	3	1	127	128	168	1.000000 
18	3	1	168	128	162	1.000000 
19	3	1	161	94	169	1.000000 
20	3	1	169	94	95	1.000000 
21	3	1	91	92	170	1.000000 
22	3	1	170	92	161	1.000000 
23	3	1	163	77	171	1.000000 
24	3	1	171	77	78	1.000000 
25	3	1	160	10	172	1.000000 
26	3	1	172	10	11	1.000000 
27	3	1	162	130	173	1.000000 
28	3	1	173	130	131	1.000000 
29	3	1	40	41	174	1.000000 
30	3	1	174	41	167	1.000000 
31	3	1	132	133	175	1.000000 
32	3	1	175	133	166	1.000000 
33	3	1	158	159	176	1.000000 
34	3	1	176	159	165	1.000000 
35	3	1	7	8	177	1.000000 
36	3	1	177	8	160	1.000000 
37	3	1	167	43	178	1.000000 
38	3	1	178	43	44	1.000000 
39	3	1	165	2	179	1.000000 
40	3	1	179	2	3	1.000000 
41	3	1	166	135	180	1.000000 
42	3	1	180	135	136	1.000000 
43	3	1	66	67	181	1.000000 
44	3	1	181	67	164	1.000000 
45	3	1	74	75	182	1.000000 
46	3	1	182	75	163	1.000000 
47	3	1	164	69	183	1.000000 
48	3	1	183	69	70	1.000000 
49	3	1	126	127	184	1.000000 
50	3	1	184	127	168	1.000000 
51	3	1	169	95	185	1.000000 
52	3	1	185	95	96	1.000000 
53	3	1	171	78	186	1.000000 
54	3	1	186	78	79	1.000000 
55	3	1	90	91	187	1.000000 
56	3	1	187	91	170	1.000000 
57	3	1	125	126	188	1.000000 
58	3	1	188	126	184	1.000000 
59	3	1	185	96	189	1.000000 
60	3	1	189	96	97	1.000000 
61	3	1	172	11	190	1.000000 
62	3	1	190	11	12	1.000000 
63	3	1	124	125	191	1.000000 
64	3	1	191	125	188	1.000000 
65	3	1	189	97	192	1.000000 
66	3	1	192	97	98	1.000000 
67	3	1	123	124	193	1.000000 
68	3	1	193	124	191	1.000000 
69	3	1	122	123	194	1.000000 
70	3	1	194	123	193	1.000000 
71	3	1	121	122	195	1.000000 
72	3	1	195	122	194	1.000000 
73	3	1	120	121	196	1.000000 
74	3	1	196	121	195	1.000000 
75	3	1	119	120	197	1.000000 
76	3	1	197	120	196	1.000000 
77	3	1	118	119	198	1.000000 
78	3	1	198	119	197	1.000000 
79	3	1	117	118	199	1.000000 
80	3	1	199	118	198	1.000000 
81	3	1	192	98	200	1.000000 
82	3	1	200	98	99	1.000000 
83	3	1	200	99	201	1.000000 
84	3	1	201	99	100	1.000000 
85	3	1	201	100	202	1.000000 
86	3	1	202	100	101	1.000000 
87	3	1	202	101	203	1.000000 
88	3	1	203	101	102	1.000000 
89	3	1	203	102	204	1.000000 
90	3	1	204	102	103	1.000000 
91	3	1	204	103	205	1.000000 
92	3	1	205	103	104	1.000000 
93	3	1	205	104	206	1.000000 
94	3	1	206	104	105	1.000000 
95	3	1	173	131	207	1.000000 
96	3	1	207	131	132	1.000000 
97	3	1	207	132	175	1.000000 
98	3	1	39	40	208	1.000000 
99	3	1	208	40	174	1.000000 
100	3	1	186	79	209	1.000000 
101	3	1	209	79	80	1.000000 
102	3	1	89	90	210	1.000000 
103	3	1	210	90	187	1.000000 
104	3	1	209	80	211	1.000000 
105	3	1	211	80	81	1.000000 
106	3	1	88	89	212	1.000000 
107	3	1	212	89	210	1.000000 
108	3	1	87	88	213	1.000000 
109	3	1	213	88	212	1.000000 
110	3	1	211	81	214	1.000000 
111	3	1	214	81	82	1.000000 
112	3	1	214	82	215	1.000000 
113	3	1	215	82	83	1.000000 
114	3	1	86	87	216	1.000000 
115	3	1	216	87	213	1.000000 
116	3	1	85	86	217	1.000000 
117	3	1	217	86	216	1.000000 
118	3	1	215	83	218	1.000000 
119	3	1	218	83	84	1.000000 
120	3	1	218	84	219	1.000000 
121	3	1	219	84	85	1.000000 
122	3	1	219	85	217	1.000000 
123	3	1	190	12	220	1.000000 
124	3	1	220	12	13	1.000000 
125	3	1	220	13	221	1.000000 
126	3	1	221	13	14	1.000000 
127	3	1	38	39	222	1.000000 
128	3	1	222	39	208	1.000000 
129	3	1	221	14	223	1.000000 
130	3	1	223	14	15	1.000000 
131	3	1	223	15	224	1.000000 
132	3	1	224	15	16	1.000000 
133	3	1	224	16	225	1.000000 
134	3	1	225	16	17	1.000000 
135	3	1	225	17	226	1.000000 
136	3	1	226	17	18	1.000000 
137	3	1	226	18	227	1.000000 
138	3	1	227	18	19	1.000000 
139	3	1	227	19	228	1.000000 
140	3	1	228	19	20	1.000000 
141	3	1	228	20	229	1.000000 
142	3	1	229	20	21	1.000000 
143	3	1	229	21	230	1.000000 
144	3	1	230	21	22	1.000000 
145	3	1	230	22	231	1.000000 
146	3	1	231	22	23	1.000000 
147	3	1	231	23	232	1.000000 
148	3	1	232	23	24	1.000000 
149	3	1	232	24	233	1.000000 
150	3	1	233	24	25	1.000000 
151	3	1	233	25	234	1.000000 
152	3	1	234	25	26	1.000000 
153	3	1	234	26	235	1.000000 
154	3	1	235	26	27	1.000000 
155	3	1	235	27	236	1.000000 
156	3	1	236	27	28	1.000000 
157	3	1	236	28	237	1.000000 
158	3	1	237	28	29	1.000000 
159	3	1	237	29	238	1.000000 
160	3	1	238	29	30	1.000000 
161	3	1	238	30	239	1.000000 
162	3	1	239	30	31	1.000000 
163	3	1	239	31	240	1.000000 
164	3	1	240	31	32	1.000000 
165	3	1	240	32	241	1.000000 
166	3	1	241	32	33	1.000000 
167	3	1	241	33	242	1.000000 
168	3	1	242	33	34	1.000000 
169	3	1	242	34	243	1.000000 
170	3	1	243	34	35	1.000000 
171	3	1	6	7	244	1.000000 
172	3	1	244	7	177	1.000000 
173	3	1	37	38	245	1.000000 
174	3	1	245	38	222	1.000000 
175	3	1	36	37	246	1.000000 
176	3	1	246	37	245	1.000000 
177	3	1	35	36	247	1.000000 
178	3	1	247	36	246	1.000000 
179	3	1	243	35	247	1.000000 
180	3	1	179	3	248	1.000000 
181	3	1	248	3	4	1.000000 
182	3	1	5	6	249	1.000000 
183	3	1	249	6	244	1.000000 
184	3	1	4	5	250	1.000000 
185	3	1	250	5	249	1.000000 
186	3	1	248	4	250	1.000000 
187	3	1	73	74	251	1.000000 
188	3	1	251	74	182	1.000000 
189	3	1	72	73	252	1.000000 
190	3	1	252	73	251	1.000000 
191	3	1	71	72	253	1.000000 
192	3	1	253	72	252	1.000000 
193	3	1	70	71	254	1.000000 
194	3	1	254	71	253	1.000000 
195	3	1	183	70	254	1.000000 
196	3	1	157	158	255	1.000000 
197	3	1	255	158	176	1.000000 
198	3	1	178	44	256	1.000000 
199	3	1	256	44	45	1.000000 
200	3	1	180	136	257	1.000000 
201	3	1	257	136	137	1.000000 
202	3	1	65	66	258	1.000000 
203	3	1	258	66	181	1.000000 
204	3	1	156	157	259	1.000000 
205	3	1	259	157	255	1.000000 
206	3	1	155	156	260	1.000000 
207	3	1	260	156	259	1.000000 
208	3	1	154	155	261	1.000000 
209	3	1	261	155	260	1.000000 
210	3	1	153	154	262	1.000000 
211	3	1	262	154	261	1.000000 
212	3	1	152	153	263	1.000000 
213	3	1	263	153	262	1.000000 
214	3	1	151	152	264	1.000000 
215	3	1	264	152	263	1.000000 
216	3	1	150	151	265	1.000000 
217	3	1	265	151	264	1.000000 
218	3	1	149	150	266	1.000000 
219	3	1	266	150	265	1.000000 
220	3	1	148	149	267	1.000000 
221	3	1	267	149	266	1.000000 
222	3	1	147	148	268	1.000000 
223	3	1	268	148	267	1.000000 
224	3	1	146	147	269	1.000000 
225	3	1	269	147	268	1.000000 
226	3	1	145	146	270	1.000000 
227	3	1	270	146	269	1.000000 
228	3	1	144	145	271	1.000000 
229	3	1	271	145	270	1.000000 
230	3	1	143	144	272	1.000000 
231	3	1	272	144	271	1.000000 
232	3	1	142	143	273	1.000000 
233	3	1	273	143	272	1.000000 
234	3	1	141	142	274	1.000000 
235	3	1	274	142	273	1.000000 
236	3	1	140	141	275	1.000000 
237	3	1	275	141	274	1.000000 
238	3	1	139	140	276	1.000000 
239	3	1	276	140	275	1.000000 
240	3	1	138	139	277	1.000000 
241	3	1	277	139	276	1.000000 
242	3	1	137	138	278	1.000000 
243	3	1	278	138	277	1.000000 
244	3	1	257	137	278	1.000000 
245	3	1	64	65	279	1.000000 
246	3	1	279	65	258	1.000000 
247	3	1	63	64	280	1.000000 
248	3	1	280	64	279	1.000000 
249	3	1	62	63	281	1.000000 
250	3	1	281	63	280	1.000000 
251	3	1	61	62	282	1.000000 
252	3	1	282	62	281	1.000000 
253	3	1	60	61	283	1.000000 
254	3	1	283	61	282	1.000000 
255	3	1	59	60	284	1.000000 
256	3	1	284	60	283	1.000000 
257	3	1	58	59	285	1.000000 
258	3	1	285	59	284	1.000000 
259	3	1	57	58	286	1.000000 
260	3	1	286	58	285	1.000000 
261	3	1	56	57	287	1.000000 
262	3	1	287	57	286	1.000000 
263	3	1	55	56	288	1.000000 
264	3	1	288	56	287	1.000000 
265	3	1	54	55	289	1.000000 
266	3	1	289	55	288	1.000000 
267	3	1	53	54	290	1.000000 
268	3	1	290	54	289	1.000000 
269	3	1	52	53	291	1.000000 
270	3	1	291	53	290	1.000000 
271	3	1	51	52	292	1.000000 
272	3	1	292	52	291	1.000000 
273	3	1	50	51	293	1.000000 
274	3	1	293	51	292	1.000000 
275	3	1	49	50	294	1.000000 
276	3	1	294	50	293	1.000000 
277	3	1	48	49	295	1.000000 
278	3	1	295	49	294	1.000000 
279	3	1	47	48	296	1.000000 
280	3	1	296	48	295	1.000000 
281	3	1	46	47	297	1.000000 
282	3	1	297	47	296	1.000000 
283	3	1	45	46	298	1.000000 
284	3	1	298	46	297	1.000000 
285	3	1	256	45	298	1.000000 
286	3	1	105	106	299	1.000000 
287	3	1	299	106	300	1.000000 
288	3	1	300	106	107	1.000000 
289	3	1	300	107	301	1.000000 
290	3	1	301	107	108	1.000000 
291	3	1	301	108	302	1.000000 
292	3	1	302	108	109	1.000000 
293	3	1	302	109	303	1.000000 
294	3	1	303	109	110	1.000000 
295	3	1	303	110	304	1.000000 
296	3	1	304	110	111	1.000000 
297	3	1	304	111	305	1.000000 
298	3	1	305	111	112	1.000000 
299	3	1	305	112	306	1.000000 
300	3	1	306	112	113	1.000000 
301	3	1	306	113	307	1.000000 
302	3	1	307	113	114	1.000000 
303	3	1	307	114	308	1.000000 
304	3	1	308	114	115	1.000000 
305	3	1	308	115	309	1.000000 
306	3	1	309	115	116	1.000000 
307	3	1	309	116	310	1.000000 
308	3	1	310	116	117	1.000000 
309	3	1	310	117	311	1.000000 
310	3	1	311	117	199	1.000000 
311	3	1	206	105	312	1.000000 
312	3	1	312	105	299	1.000000 
313	3	1	182	163	171	1.000000 
314	3	1	177	160	172	1.000000 
315	3	1	168	162	173	1.000000 
316	3	1	170	161	169	1.000000 
317	3	1	181	164	183	1.000000 
318	3	1	176	165	179	1.000000 
319	3	1	175	166	180	1.000000 
320	3	1	174	167	178	1.000000 
321	3	1	182	171	313	1.000000 
322	3	1	313	171	186	1.000000 
323	3	1	251	182	313	1.000000 
324	3	1	313	186	314	1.000000 
325	3	1	314	186	209	1.000000 
326	3	1	314	209	315	1.000000 
327	3	1	315	209	211	1.000000 
328	3	1	315	211	316	1.000000 
329	3	1	316	211	214	1.000000 
330	3	1	316	214	317	1.000000 
331	3	1	317	214	215	1.000000 
332	3	1	317	215	318	1.000000 
333	3	1	318	215	218	1.000000 
334	3	1	318	218	319	1.000000 
335	3	1	319	218	219	1.000000 
336	3	1	319	219	320	1.000000 
337	3	1	320	219	217	1.000000 
338	3	1	320	217	321	1.000000 
339	3	1	321	217	216	1.000000 
340	3	1	321	216	322	1.000000 
341	3	1	322	216	213	1.000000 
342	3	1	322	213	323	1.000000 
343	3	1	323	213	212	1.000000 
344	3	1	323	212	324	1.000000 
345	3	1	324	212	210	1.000000 
346	3	1	324	210	325	1.000000 
347	3	1	325	210	187	1.000000 
348	3	1	325	187	326	1.000000 
349	3	1	326	187	170	1.000000 
350	3	1	326	170	169	1.000000 
351	3	1	326	169	185	1.000000 
352	3	1	326	185	327	1.000000 
353	3	1	327	185	189	1.000000 
354	3	1	325	326	327	1.000000 
355	3	1	327	189	328	1.000000 
356	3	1	328	189	192	1.000000 
357	3	1	328	192	329	1.000000 
358	3	1	329	192	200	1.000000 
359	3	1	329	200	330	1.000000 
360	3	1	330	200	201	1.000000 
361	3	1	330	201	331	1.000000 
362	3	1	331	201	202	1.000000 
363	3	1	331	202	332	1.000000 
364	3	1	332	202	203	1.000000 
365	3	1	332	203	333	1.000000 
366	3	1	333	203	204	1.000000 
367	3	1	333	204	334	1.000000 
368	3	1	334	204	205	1.000000 
369	3	1	334	205	335	1.000000 
370	3	1	335	205	206	1.000000 
371	3	1	335	206	336	1.000000 
372	3	1	336	206	312	1.000000 
373	3	1	252	251	337	1.000000 
374	3	1	337	251	313	1.000000 
375	3	1	337	313	314	1.000000 
376	3	1	253	252	338	1.000000 
377	3	1	338	252	337	1.000000 
378	3	1	254	253	339	1.000000 
379	3	1	339	253	338	1.000000 
380	3	1	183	254	340	1.000000 
381	3	1	340	254	339	1.000000 
382	3	1	181	183	340	1.000000 
383	3	1	258	181	340	1.000000 
384	3	1	324	325	341	1.000000 
385	3	1	341	325	327	1.000000 
386	3	1	341	327	342	1.000000 
387	3	1	342	327	328	1.000000 
388	3	1	323	324	343	1.000000 
389	3	1	343	324	341	1.000000 
390	3	1	322	323	344	1.000000 
391	3	1	344	323	343	1.000000 
392	3	1	321	322	345	1.000000 
393	3	1	345	322	344	1.000000 
394	3	1	320	321	346	1.000000 
395	3	1	346	321	345	1.000000 
396	3	1	319	320	347	1.000000 
397	3	1	347	320	346	1.000000 
398	3	1	318	319	348	1.000000 
399	3	1	348	319	347	1.000000 
400	3	1	317	318	349	1.000000 
401	3	1	349	318	348	1.000000 
402	3	1	316	317	350	1.000000 
403	3	1	350	317	349	1.000000 
404	3	1	315	316	351	1.000000 
405	3	1	351	316	350	1.000000 
406	3	1	314	315	352	1.000000 
407	3	1	352	315	351	1.000000 
408	3	1	337	314	352	1.000000 
409	3	1	338	337	353	1.000000 
410	3	1	353	337	352	1.000000 
411	3	1	339	338	354	1.000000 
412	3	1	354	338	353	1.000000 
413	3	1	340	339	355	1.000000 
414	3	1	355	339	354	1.000000 
415	3	1	258	340	356	1.000000 
416	3	1	279	258	356	1.000000 
417	3	1	356	340	355	1.000000 
418	3	1	280	279	357	1.000000 
419	3	1	357	279	356	1.000000 
420	3	1	281	280	358	1.000000 
421	3	1	358	280	357	1.000000 
422	3	1	342	328	359	1.000000 
423	3	1	359	328	329	1.000000 
424	3	1	359	329	360	1.000000 
425	3	1	360	329	330	1.000000 
426	3	1	360	330	361	1.000000 
427	3	1	361	330	331	1.000000 
428	3	1	361	331	362	1.000000 
429	3	1	362	331	332	1.000000 
430	3	1	362	332	363	1.000000 
431	3	1	363	332	333	1.000000 
432	3	1	363	333	364	1.000000 
433	3	1	364	333	334	1.000000 
434	3	1	364	334	365	1.000000 
435	3	1	365	334	335	1.000000 
436	3	1	365	335	366	1.000000 
437	3	1	366	335	336	1.000000 
438	3	1	282	281	367	1.000000 
439	3	1	367	281	358	1.000000 
440	3	1	283	282	368	1.000000 
441	3	1	368	282	367	1.000000 
442	3	1	284	283	369	1.000000 
443	3	1	369	283	368	1.000000 
444	3	1	285	284	370	1.000000 
445	3	1	370	284	369	1.000000 
446	3	1	286	285	804	1.000000 
447	3	1	804	285	370	1.000000 
448	3	1	287	286	372	1.000000 
449	3	1	372	286	804	1.000000 
450	3	1	288	287	373	1.000000 
451	3	1	373	287	372	1.000000 
452	3	1	289	288	374	1.000000 
453	3	1	374	288	373	1.000000 
454	3	1	290	289	375	1.000000 
455	3	1	375	289	374	1.000000 
456	3	1	291	290	376	1.000000 
457	3	1	376	290	375	1.000000 
458	3	1	292	291	377	1.000000 
459	3	1	377	291	376	1.000000 
460	3	1	293	292	378	1.000000 
461	3	1	378	292	377	1.000000 
462	3	1	294	293	379	1.000000 
463	3	1	379	293	378	1.000000 
464	3	1	295	294	380	1.000000 
465	3	1	380	294	379	1.000000 
466	3	1	296	295	381	1.000000 
467	3	1	381	295	380	1.000000 
468	3	1	297	296	382	1.000000 
469	3	1	382	296	381	1.000000 
470	3	1	298	297	383	1.000000 
471	3	1	383	297	382	1.000000 
472	3	1	256	298	384	1.000000 
473	3	1	384	298	383	1.000000 
474	3	1	178	256	385	1.000000 
475	3	1	385	256	384	1.000000 
476	3	1	174	178	385	1.000000 
477	3	1	208	174	385	1.000000 
478	3	1	222	208	386	1.000000 
479	3	1	386	208	385	1.000000 
480	3	1	386	385	387	1.000000 
481	3	1	387	385	384	1.000000 
482	3	1	245	222	388	1.000000 
483	3	1	388	222	386	1.000000 
484	3	1	246	245	389	1.000000 
485	3	1	389	245	388	1.000000 
486	3	1	247	246	390	1.000000 
487	3	1	390	246	389	1.000000 
488	3	1	243	247	391	1.000000 
489	3	1	391	247	390	1.000000 
490	3	1	242	243	392	1.000000 
491	3	1	392	243	391	1.000000 
492	3	1	241	242	393	1.000000 
493	3	1	393	242	392	1.000000 
494	3	1	240	241	394	1.000000 
495	3	1	394	241	393	1.000000 
496	3	1	239	240	395	1.000000 
497	3	1	395	240	394	1.000000 
498	3	1	238	239	396	1.000000 
499	3	1	396	239	395	1.000000 
500	3	1	237	238	397	1.000000 
501	3	1	397	238	396	1.000000 
502	3	1	236	237	398	1.000000 
503	3	1	398	237	397	1.000000 
504	3	1	235	236	399	1.000000 
505	3	1	399	236	398	1.000000 
506	3	1	234	235	400	1.000000 
507	3	1	400	235	399	1.000000 
508	3	1	233	234	401	1.000000 
509	3	1	401	234	400	1.000000 
510	3	1	232	233	402	1.000000 
511	3	1	402	233	401	1.000000 
512	3	1	231	232	403	1.000000 
513	3	1	403	232	402	1.000000 
514	3	1	230	231	404	1.000000 
515	3	1	404	231	403	1.000000 
516	3	1	229	230	405	1.000000 
517	3	1	405	230	404	1.000000 
518	3	1	228	229	406	1.000000 
519	3	1	406	229	405	1.000000 
520	3	1	227	228	407	1.000000 
521	3	1	407	228	406	1.000000 
522	3	1	226	227	408	1.000000 
523	3	1	408	227	407	1.000000 
524	3	1	225	226	409	1.000000 
525	3	1	409	226	408	1.000000 
526	3	1	224	225	410	1.000000 
527	3	1	410	225	409	1.000000 
528	3	1	223	224	411	1.000000 
529	3	1	411	224	410	1.000000 
530	3	1	221	223	412	1.000000 
531	3	1	412	223	411	1.000000 
532	3	1	220	221	413	1.000000 
533	3	1	413	221	412	1.000000 
534	3	1	190	220	414	1.000000 
535	3	1	414	220	413	1.000000 
536	3	1	172	190	415	1.000000 
537	3	1	415	190	414	1.000000 
538	3	1	177	172	415	1.000000 
539	3	1	244	177	415	1.000000 
540	3	1	388	386	416	1.000000 
541	3	1	416	386	387	1.000000 
542	3	1	389	388	417	1.000000 
543	3	1	417	388	416	1.000000 
544	3	1	390	389	418	1.000000 
545	3	1	418	389	417	1.000000 
546	3	1	391	390	419	1.000000 
547	3	1	419	390	418	1.000000 
548	3	1	392	391	420	1.000000 
549	3	1	420	391	419	1.000000 
550	3	1	393	392	421	1.000000 
551	3	1	421	392	420	1.000000 
552	3	1	394	393	422	1.000000 
553	3	1	422	393	421	1.000000 
554	3	1	395	394	423	1.000000 
555	3	1	423	394	422	1.000000 
556	3	1	396	395	424	1.000000 
557	3	1	424	395	423	1.000000 
558	3	1	397	396	425	1.000000 
559	3	1	425	396	424	1.000000 
560	3	1	398	397	426	1.000000 
561	3	1	426	397	425	1.000000 
562	3	1	399	398	427	1.000000 
563	3	1	427	398	426	1.000000 
564	3	1	400	399	428	1.000000 
565	3	1	428	399	427	1.000000 
566	3	1	401	400	429	1.000000 
567	3	1	429	400	428	1.000000 
568	3	1	402	401	430	1.000000 
569	3	1	430	401	429	1.000000 
570	3	1	403	402	431	1.000000 
571	3	1	431	402	430	1.000000 
572	3	1	404	403	432	1.000000 
573	3	1	432	403	431	1.000000 
574	3	1	405	404	433	1.000000 
575	3	1	433	404	432	1.000000 
576	3	1	406	405	434	1.000000 
577	3	1	434	405	433	1.000000 
578	3	1	407	406	435	1.000000 
579	3	1	435	406	434	1.000000 
580	3	1	408	407	436	1.000000 
581	3	1	436	407	435	1.000000 
582	3	1	409	408	437	1.000000 
583	3	1	437	408	436	1.000000 
584	3	1	410	409	438	1.000000 
585	3	1	438	409	437	1.000000 
586	3	1	411	410	439	1.000000 
587	3	1	439	410	438	1.000000 
588	3	1	412	411	440	1.000000 
589	3	1	440	411	439	1.000000 
590	3	1	413	412	441	1.000000 
591	3	1	441	412	440	1.000000 
592	3	1	414	413	442	1.000000 
593	3	1	442	413	441	1.000000 
594	3	1	415	414	443	1.000000 
595	3	1	443	414	442	1.000000 
596	3	1	244	415	443	1.000000 
597	3	1	249	244	443	1.000000 
598	3	1	250	249	444	1.000000 
599	3	1	444	249	443	1.000000 
600	3	1	444	443	445	1.000000 
601	3	1	445	443	442	1.000000 
602	3	1	445	442	446	1.000000 
603	3	1	446	442	441	1.000000 
604	3	1	446	441	447	1.000000 
605	3	1	447	441	440	1.000000 
606	3	1	447	440	448	1.000000 
607	3	1	448	440	439	1.000000 
608	3	1	448	439	449	1.000000 
609	3	1	449	439	438	1.000000 
610	3	1	449	438	450	1.000000 
611	3	1	450	438	437	1.000000 
612	3	1	450	437	451	1.000000 
613	3	1	451	437	436	1.000000 
614	3	1	451	436	452	1.000000 
615	3	1	452	436	435	1.000000 
616	3	1	452	435	453	1.000000 
617	3	1	453	435	434	1.000000 
618	3	1	453	434	454	1.000000 
619	3	1	454	434	433	1.000000 
620	3	1	454	433	455	1.000000 
621	3	1	455	433	432	1.000000 
622	3	1	455	432	456	1.000000 
623	3	1	456	432	431	1.000000 
624	3	1	456	431	457	1.000000 
625	3	1	457	431	430	1.000000 
626	3	1	457	430	458	1.000000 
627	3	1	458	430	429	1.000000 
628	3	1	458	429	459	1.000000 
629	3	1	459	429	428	1.000000 
630	3	1	459	428	460	1.000000 
631	3	1	460	428	427	1.000000 
632	3	1	460	427	461	1.000000 
633	3	1	461	427	426	1.000000 
634	3	1	461	426	462	1.000000 
635	3	1	462	426	425	1.000000 
636	3	1	462	425	463	1.000000 
637	3	1	463	425	424	1.000000 
638	3	1	463	424	464	1.000000 
639	3	1	464	424	423	1.000000 
640	3	1	464	423	465	1.000000 
641	3	1	465	423	422	1.000000 
642	3	1	465	422	466	1.000000 
643	3	1	466	422	421	1.000000 
644	3	1	466	421	467	1.000000 
645	3	1	467	421	420	1.000000 
646	3	1	467	420	468	1.000000 
647	3	1	468	420	419	1.000000 
648	3	1	468	419	469	1.000000 
649	3	1	469	419	418	1.000000 
650	3	1	469	418	470	1.000000 
651	3	1	470	418	417	1.000000 
652	3	1	470	417	471	1.000000 
653	3	1	471	417	416	1.000000 
654	3	1	471	416	472	1.000000 
655	3	1	472	416	387	1.000000 
656	3	1	472	387	473	1.000000 
657	3	1	473	387	384	1.000000 
658	3	1	473	384	383	1.000000 
659	3	1	248	250	474	1.000000 
660	3	1	474	250	444	1.000000 
661	3	1	474	444	475	1.000000 
662	3	1	475	444	445	1.000000 
663	3	1	475	445	476	1.000000 
664	3	1	476	445	446	1.000000 
665	3	1	476	446	477	1.000000 
666	3	1	477	446	447	1.000000 
667	3	1	477	447	478	1.000000 
668	3	1	478	447	448	1.000000 
669	3	1	478	448	479	1.000000 
670	3	1	479	448	449	1.000000 
671	3	1	179	248	480	1.000000 
672	3	1	480	248	474	1.000000 
673	3	1	176	179	480	1.000000 
674	3	1	255	176	480	1.000000 
675	3	1	479	449	481	1.000000 
676	3	1	481	449	450	1.000000 
677	3	1	481	450	482	1.000000 
678	3	1	482	450	451	1.000000 
679	3	1	482	451	483	1.000000 
680	3	1	483	451	452	1.000000 
681	3	1	483	452	484	1.000000 
682	3	1	484	452	453	1.000000 
683	3	1	484	453	485	1.000000 
684	3	1	485	453	454	1.000000 
685	3	1	485	454	486	1.000000 
686	3	1	486	454	455	1.000000 
687	3	1	486	455	487	1.000000 
688	3	1	487	455	456	1.000000 
689	3	1	487	456	488	1.000000 
690	3	1	488	456	457	1.000000 
691	3	1	488	457	489	1.000000 
692	3	1	489	457	458	1.000000 
693	3	1	489	458	490	1.000000 
694	3	1	490	458	459	1.000000 
695	3	1	490	459	491	1.000000 
696	3	1	491	459	460	1.000000 
697	3	1	491	460	492	1.000000 
698	3	1	492	460	461	1.000000 
699	3	1	492	461	493	1.000000 
700	3	1	493	461	462	1.000000 
701	3	1	493	462	494	1.000000 
702	3	1	494	462	463	1.000000 
703	3	1	494	463	495	1.000000 
704	3	1	495	463	464	1.000000 
705	3	1	495	464	496	1.000000 
706	3	1	496	464	465	1.000000 
707	3	1	496	465	497	1.000000 
708	3	1	497	465	466	1.000000 
709	3	1	497	466	498	1.000000 
710	3	1	498	466	467	1.000000 
711	3	1	498	467	499	1.000000 
712	3	1	499	467	468	1.000000 
713	3	1	499	468	500	1.000000 
714	3	1	500	468	469	1.000000 
715	3	1	500	469	501	1.000000 
716	3	1	501	469	470	1.000000 
717	3	1	501	470	502	1.000000 
718	3	1	502	470	471	1.000000 
719	3	1	502	471	503	1.000000 
720	3	1	503	471	472	1.000000 
721	3	1	503	472	504	1.000000 
722	3	1	504	472	473	1.000000 
723	3	1	504	473	505	1.000000 
724	3	1	505	473	383	1.000000 
725	3	1	505	383	382	1.000000 
726	3	1	480	474	506	1.000000 
727	3	1	506	474	475	1.000000 
728	3	1	255	480	506	1.000000 
729	3	1	259	255	507	1.000000 
730	3	1	507	255	506	1.000000 
731	3	1	506	475	508	1.000000 
732	3	1	508	475	476	1.000000 
733	3	1	507	506	508	1.000000 
734	3	1	508	476	477	1.000000 
735	3	1	260	259	509	1.000000 
736	3	1	509	259	507	1.000000 
737	3	1	509	507	510	1.000000 
738	3	1	507	508	510	1.000000 
739	3	1	510	508	477	1.000000 
740	3	1	510	477	478	1.000000 
741	3	1	261	260	511	1.000000 
742	3	1	511	260	509	1.000000 
743	3	1	511	509	512	1.000000 
744	3	1	512	509	510	1.000000 
745	3	1	512	510	513	1.000000 
746	3	1	513	510	478	1.000000 
747	3	1	513	478	479	1.000000 
748	3	1	262	261	514	1.000000 
749	3	1	514	261	511	1.000000 
750	3	1	263	262	515	1.000000 
751	3	1	515	262	514	1.000000 
752	3	1	264	263	516	1.000000 
753	3	1	516	263	515	1.000000 
754	3	1	265	264	517	1.000000 
755	3	1	517	264	516	1.000000 
756	3	1	266	265	518	1.000000 
757	3	1	518	265	517	1.000000 
758	3	1	267	266	519	1.000000 
759	3	1	519	266	518	1.000000 
760	3	1	268	267	520	1.000000 
761	3	1	520	267	519	1.000000 
762	3	1	269	268	521	1.000000 
763	3	1	521	268	520	1.000000 
764	3	1	270	269	522	1.000000 
765	3	1	522	269	521	1.000000 
766	3	1	271	270	523	1.000000 
767	3	1	523	270	522	1.000000 
768	3	1	272	271	524	1.000000 
769	3	1	524	271	523	1.000000 
770	3	1	273	272	525	1.000000 
771	3	1	525	272	524	1.000000 
772	3	1	274	273	526	1.000000 
773	3	1	526	273	525	1.000000 
774	3	1	275	274	527	1.000000 
775	3	1	527	274	526	1.000000 
776	3	1	276	275	528	1.000000 
777	3	1	528	275	527	1.000000 
778	3	1	514	511	529	1.000000 
779	3	1	529	511	512	1.000000 
780	3	1	529	512	530	1.000000 
781	3	1	512	513	530	1.000000 
782	3	1	530	513	479	1.000000 
783	3	1	530	479	481	1.000000 
784	3	1	277	276	531	1.000000 
785	3	1	531	276	528	1.000000 
786	3	1	278	277	532	1.000000 
787	3	1	532	277	531	1.000000 
788	3	1	257	278	533	1.000000 
789	3	1	533	278	532	1.000000 
790	3	1	515	514	534	1.000000 
791	3	1	534	514	529	1.000000 
792	3	1	534	529	535	1.000000 
793	3	1	535	529	530	1.000000 
794	3	1	535	530	481	1.000000 
795	3	1	535	481	536	1.000000 
796	3	1	536	481	482	1.000000 
797	3	1	536	482	537	1.000000 
798	3	1	537	482	483	1.000000 
799	3	1	537	483	538	1.000000 
800	3	1	538	483	484	1.000000 
801	3	1	538	484	539	1.000000 
802	3	1	539	484	485	1.000000 
803	3	1	539	485	540	1.000000 
804	3	1	540	485	486	1.000000 
805	3	1	540	486	541	1.000000 
806	3	1	541	486	487	1.000000 
807	3	1	541	487	542	1.000000 
808	3	1	542	487	488	1.000000 
809	3	1	542	488	543	1.000000 
810	3	1	543	488	489	1.000000 
811	3	1	543	489	544	1.000000 
812	3	1	544	489	490	1.000000 
813	3	1	544	490	545	1.000000 
814	3	1	545	490	491	1.000000 
815	3	1	545	491	546	1.000000 
816	3	1	546	491	492	1.000000 
817	3	1	546	492	547	1.000000 
818	3	1	547	492	493	1.000000 
819	3	1	547	493	548	1.000000 
820	3	1	548	493	494	1.000000 
821	3	1	548	494	549	1.000000 
822	3	1	549	494	495	1.000000 
823	3	1	549	495	550	1.000000 
824	3	1	550	495	496	1.000000 
825	3	1	550	496	551	1.000000 
826	3	1	551	496	497	1.000000 
827	3	1	551	497	552	1.000000 
828	3	1	552	497	498	1.000000 
829	3	1	552	498	553	1.000000 
830	3	1	553	498	499	1.000000 
831	3	1	553	499	554	1.000000 
832	3	1	554	499	500	1.000000 
833	3	1	554	500	555	1.000000 
834	3	1	555	500	501	1.000000 
835	3	1	555	501	556	1.000000 
836	3	1	556	501	502	1.000000 
837	3	1	556	502	557	1.000000 
838	3	1	557	502	503	1.000000 
839	3	1	557	503	558	1.000000 
840	3	1	558	503	504	1.000000 
841	3	1	558	504	505	1.000000 
842	3	1	534	535	559	1.000000 
843	3	1	559	535	536	1.000000 
844	3	1	559	536	537	1.000000 
845	3	1	515	534	560	1.000000 
846	3	1	560	534	559	1.000000 
847	3	1	516	515	560	1.000000 
848	3	1	559	537	561	1.000000 
849	3	1	561	537	538	1.000000 
850	3	1	560	559	561	1.000000 
851	3	1	561	538	562	1.000000 
852	3	1	562	538	539	1.000000 
853	3	1	562	539	563	1.000000 
854	3	1	563	539	540	1.000000 
855	3	1	563	540	564	1.000000 
856	3	1	564	540	541	1.000000 
857	3	1	564	541	565	1.000000 
858	3	1	565	541	542	1.000000 
859	3	1	565	542	566	1.000000 
860	3	1	566	542	543	1.000000 
861	3	1	566	543	567	1.000000 
862	3	1	567	543	544	1.000000 
863	3	1	567	544	568	1.000000 
864	3	1	568	544	545	1.000000 
865	3	1	568	545	569	1.000000 
866	3	1	569	545	546	1.000000 
867	3	1	569	546	570	1.000000 
868	3	1	570	546	547	1.000000 
869	3	1	570	547	571	1.000000 
870	3	1	571	547	548	1.000000 
871	3	1	571	548	572	1.000000 
872	3	1	572	548	549	1.000000 
873	3	1	572	549	573	1.000000 
874	3	1	573	549	550	1.000000 
875	3	1	573	550	574	1.000000 
876	3	1	574	550	551	1.000000 
877	3	1	574	551	575	1.000000 
878	3	1	575	551	552	1.000000 
879	3	1	575	552	576	1.000000 
880	3	1	576	552	553	1.000000 
881	3	1	576	553	577	1.000000 
882	3	1	577	553	554	1.000000 
883	3	1	577	554	578	1.000000 
884	3	1	578	554	555	1.000000 
885	3	1	578	555	579	1.000000 
886	3	1	579	555	556	1.000000 
887	3	1	579	556	580	1.000000 
888	3	1	580	556	557	1.000000 
889	3	1	580	557	581	1.000000 
890	3	1	581	557	558	1.000000 
891	3	1	516	560	582	1.000000 
892	3	1	582	560	561	1.000000 
893	3	1	517	516	582	1.000000 
894	3	1	582	561	583	1.000000 
895	3	1	583	561	562	1.000000 
896	3	1	583	562	584	1.000000 
897	3	1	584	562	563	1.000000 
898	3	1	584	563	585	1.000000 
899	3	1	585	563	564	1.000000 
900	3	1	585	564	586	1.000000 
901	3	1	586	564	565	1.000000 
902	3	1	586	565	587	1.000000 
903	3	1	587	565	566	1.000000 
904	3	1	587	566	588	1.000000 
905	3	1	588	566	567	1.000000 
906	3	1	588	567	589	1.000000 
907	3	1	589	567	568	1.000000 
908	3	1	589	568	590	1.000000 
909	3	1	590	568	569	1.000000 
910	3	1	590	569	591	1.000000 
911	3	1	591	569	570	1.000000 
912	3	1	591	570	592	1.000000 
913	3	1	592	570	571	1.000000 
914	3	1	592	571	593	1.000000 
915	3	1	593	571	572	1.000000 
916	3	1	593	572	594	1.000000 
917	3	1	594	572	573	1.000000 
918	3	1	594	573	595	1.000000 
919	3	1	595	573	574	1.000000 
920	3	1	595	574	596	1.000000 
921	3	1	596	574	575	1.000000 
922	3	1	596	575	597	1.000000 
923	3	1	597	575	576	1.000000 
924	3	1	597	576	598	1.000000 
925	3	1	598	576	577	1.000000 
926	3	1	598	577	599	1.000000 
927	3	1	599	577	578	1.000000 
928	3	1	599	578	600	1.000000 
929	3	1	600	578	579	1.000000 
930	3	1	600	579	601	1.000000 
931	3	1	601	579	580	1.000000 
932	3	1	601	580	602	1.000000 
933	3	1	602	580	581	1.000000 
934	3	1	517	582	603	1.000000 
935	3	1	603	582	583	1.000000 
936	3	1	518	517	603	1.000000 
937	3	1	603	583	584	1.000000 
938	3	1	603	584	604	1.000000 
939	3	1	604	584	585	1.000000 
940	3	1	518	603	605	1.000000 
941	3	1	605	603	604	1.000000 
942	3	1	519	518	605	1.000000 
943	3	1	604	585	606	1.000000 
944	3	1	606	585	586	1.000000 
945	3	1	605	604	607	1.000000 
946	3	1	607	604	606	1.000000 
947	3	1	519	605	608	1.000000 
948	3	1	608	605	607	1.000000 
949	3	1	520	519	608	1.000000 
950	3	1	606	586	609	1.000000 
951	3	1	609	586	587	1.000000 
952	3	1	607	606	610	1.000000 
953	3	1	610	606	609	1.000000 
954	3	1	608	607	611	1.000000 
955	3	1	611	607	610	1.000000 
956	3	1	520	608	611	1.000000 
957	3	1	521	520	612	1.000000 
958	3	1	612	520	611	1.000000 
959	3	1	609	587	613	1.000000 
960	3	1	613	587	588	1.000000 
961	3	1	610	609	614	1.000000 
962	3	1	614	609	613	1.000000 
963	3	1	611	610	615	1.000000 
964	3	1	615	610	614	1.000000 
965	3	1	612	611	615	1.000000 
966	3	1	613	588	616	1.000000 
967	3	1	616	588	589	1.000000 
968	3	1	614	613	617	1.000000 
969	3	1	617	613	616	1.000000 
970	3	1	615	614	618	1.000000 
971	3	1	618	614	617	1.000000 
972	3	1	612	615	619	1.000000 
973	3	1	619	615	618	1.000000 
974	3	1	616	589	620	1.000000 
975	3	1	620	589	590	1.000000 
976	3	1	617	616	621	1.000000 
977	3	1	621	616	620	1.000000 
978	3	1	618	617	622	1.000000 
979	3	1	622	617	621	1.000000 
980	3	1	619	618	623	1.000000 
981	3	1	623	618	622	1.000000 
982	3	1	620	590	624	1.000000 
983	3	1	624	590	591	1.000000 
984	3	1	624	591	625	1.000000 
985	3	1	625	591	592	1.000000 
986	3	1	625	592	626	1.000000 
987	3	1	626	592	593	1.000000 
988	3	1	626	593	627	1.000000 
989	3	1	627	593	594	1.000000 
990	3	1	627	594	628	1.000000 
991	3	1	628	594	595	1.000000 
992	3	1	628	595	629	1.000000 
993	3	1	629	595	596	1.000000 
994	3	1	629	596	630	1.000000 
995	3	1	630	596	597	1.000000 
996	3	1	630	597	631	1.000000 
997	3	1	631	597	598	1.000000 
998	3	1	631	598	632	1.000000 
999	3	1	632	598	599	1.000000 
1000	3	1	632	599	633	1.000000 
1001	3	1	633	599	600	1.000000 
1002	3	1	633	600	634	1.000000 
1003	3	1	634	600	601	1.000000 
1004	3	1	634	601	635	1.000000 
1005	3	1	635	601	602	1.000000 
1006	3	1	621	620	636	1.000000 
1007	3	1	636	620	624	1.000000 
1008	3	1	622	621	637	1.000000 
1009	3	1	637	621	636	1.000000 
1010	3	1	623	622	638	1.000000 
1011	3	1	638	622	637	1.000000 
1012	3	1	522	521	639	1.000000 
1013	3	1	639	521	612	1.000000 
1014	3	1	639	612	619	1.000000 
1015	3	1	639	619	623	1.000000 
1016	3	1	639	623	640	1.000000 
1017	3	1	640	623	638	1.000000 
1018	3	1	522	639	641	1.000000 
1019	3	1	641	639	640	1.000000 
1020	3	1	523	522	641	1.000000 
1021	3	1	558	505	807	1.000000 
1022	3	1	807	505	382	1.000000 
1023	3	1	581	558	807	1.000000 
1024	3	1	642	382	381	1.000000 
1025	3	1	357	356	643	1.000000 
1026	3	1	643	356	355	1.000000 
1027	3	1	643	355	644	1.000000 
1028	3	1	644	355	354	1.000000 
1029	3	1	644	353	645	1.000000 
1030	3	1	644	354	353	1.000000 
1031	3	1	645	353	352	1.000000 
1032	3	1	645	352	351	1.000000 
1033	3	1	645	351	646	1.000000 
1034	3	1	646	351	350	1.000000 
1035	3	1	644	645	647	1.000000 
1036	3	1	647	645	646	1.000000 
1037	3	1	643	644	647	1.000000 
1038	3	1	646	350	648	1.000000 
1039	3	1	648	350	349	1.000000 
1040	3	1	648	349	649	1.000000 
1041	3	1	649	349	348	1.000000 
1042	3	1	649	348	650	1.000000 
1043	3	1	650	348	347	1.000000 
1044	3	1	650	347	651	1.000000 
1045	3	1	651	347	346	1.000000 
1046	3	1	651	346	652	1.000000 
1047	3	1	652	346	345	1.000000 
1048	3	1	652	345	653	1.000000 
1049	3	1	653	345	344	1.000000 
1050	3	1	653	344	654	1.000000 
1051	3	1	654	344	343	1.000000 
1052	3	1	654	343	655	1.000000 
1053	3	1	655	343	341	1.000000 
1054	3	1	655	341	342	1.000000 
1055	3	1	655	342	656	1.000000 
1056	3	1	656	342	359	1.000000 
1057	3	1	656	359	657	1.000000 
1058	3	1	657	359	360	1.000000 
1059	3	1	657	360	658	1.000000 
1060	3	1	658	360	361	1.000000 
1061	3	1	658	361	659	1.000000 
1062	3	1	659	361	362	1.000000 
1063	3	1	659	362	660	1.000000 
1064	3	1	660	362	363	1.000000 
1065	3	1	660	363	661	1.000000 
1066	3	1	661	363	364	1.000000 
1067	3	1	661	364	662	1.000000 
1068	3	1	662	364	365	1.000000 
1069	3	1	662	365	663	1.000000 
1070	3	1	663	365	366	1.000000 
1071	3	1	654	655	664	1.000000 
1072	3	1	664	655	656	1.000000 
1073	3	1	664	656	657	1.000000 
1074	3	1	653	654	665	1.000000 
1075	3	1	665	654	664	1.000000 
1076	3	1	652	653	666	1.000000 
1077	3	1	666	653	665	1.000000 
1078	3	1	651	652	667	1.000000 
1079	3	1	667	652	666	1.000000 
1080	3	1	650	651	668	1.000000 
1081	3	1	668	651	667	1.000000 
1082	3	1	649	650	669	1.000000 
1083	3	1	669	650	668	1.000000 
1084	3	1	648	649	670	1.000000 
1085	3	1	670	649	669	1.000000 
1086	3	1	646	648	671	1.000000 
1087	3	1	647	646	805	1.000000 
1088	3	1	671	648	670	1.000000 
1089	3	1	643	647	805	1.000000 
1090	3	1	357	643	672	1.000000 
1091	3	1	672	643	805	1.000000 
1092	3	1	358	357	672	1.000000 
1093	3	1	636	624	673	1.000000 
1094	3	1	673	624	625	1.000000 
1095	3	1	637	636	674	1.000000 
1096	3	1	674	636	673	1.000000 
1097	3	1	638	637	675	1.000000 
1098	3	1	675	637	674	1.000000 
1099	3	1	640	638	676	1.000000 
1100	3	1	676	638	675	1.000000 
1101	3	1	673	625	677	1.000000 
1102	3	1	677	625	626	1.000000 
1103	3	1	677	626	678	1.000000 
1104	3	1	678	626	627	1.000000 
1105	3	1	678	627	679	1.000000 
1106	3	1	679	627	628	1.000000 
1107	3	1	679	628	680	1.000000 
1108	3	1	680	628	629	1.000000 
1109	3	1	680	629	681	1.000000 
1110	3	1	681	629	630	1.000000 
1111	3	1	681	630	682	1.000000 
1112	3	1	682	630	631	1.000000 
1113	3	1	682	631	683	1.000000 
1114	3	1	683	631	632	1.000000 
1115	3	1	683	632	684	1.000000 
1116	3	1	684	632	633	1.000000 
1117	3	1	684	633	685	1.000000 
1118	3	1	685	633	634	1.000000 
1119	3	1	685	634	686	1.000000 
1120	3	1	686	634	635	1.000000 
1121	3	1	674	673	687	1.000000 
1122	3	1	687	673	677	1.000000 
1123	3	1	675	674	688	1.000000 
1124	3	1	688	674	687	1.000000 
1125	3	1	676	675	689	1.000000 
1126	3	1	689	675	688	1.000000 
1127	3	1	180	257	690	1.000000 
1128	3	1	690	257	533	1.000000 
1129	3	1	175	180	690	1.000000 
1130	3	1	207	175	690	1.000000 
1131	3	1	173	207	691	1.000000 
1132	3	1	691	207	808	1.000000 
1133	3	1	168	173	691	1.000000 
1134	3	1	184	168	691	1.000000 
1135	3	1	691	808	692	1.000000 
1136	3	1	692	808	694	1.000000 
1137	3	1	184	691	692	1.000000 
1138	3	1	188	184	692	1.000000 
1139	3	1	191	188	693	1.000000 
1140	3	1	693	188	692	1.000000 
1141	3	1	693	692	694	1.000000 
1142	3	1	694	808	533	1.000000 
1143	3	1	694	533	532	1.000000 
1144	3	1	193	191	695	1.000000 
1145	3	1	695	191	693	1.000000 
1146	3	1	695	693	696	1.000000 
1147	3	1	696	693	694	1.000000 
1148	3	1	696	694	532	1.000000 
1149	3	1	696	532	697	1.000000 
1150	3	1	697	532	531	1.000000 
1151	3	1	194	193	698	1.000000 
1152	3	1	698	193	695	1.000000 
1153	3	1	698	695	699	1.000000 
1154	3	1	699	695	696	1.000000 
1155	3	1	699	696	697	1.000000 
1156	3	1	195	194	700	1.000000 
1157	3	1	700	194	698	1.000000 
1158	3	1	700	698	701	1.000000 
1159	3	1	701	698	699	1.000000 
1160	3	1	701	699	702	1.000000 
1161	3	1	702	699	697	1.000000 
1162	3	1	702	697	531	1.000000 
1163	3	1	702	531	528	1.000000 
1164	3	1	196	195	703	1.000000 
1165	3	1	703	195	700	1.000000 
1166	3	1	197	196	704	1.000000 
1167	3	1	704	196	703	1.000000 
1168	3	1	198	197	705	1.000000 
1169	3	1	705	197	704	1.000000 
1170	3	1	199	198	706	1.000000 
1171	3	1	706	198	705	1.000000 
1172	3	1	703	700	707	1.000000 
1173	3	1	707	700	701	1.000000 
1174	3	1	707	701	708	1.000000 
1175	3	1	708	701	702	1.000000 
1176	3	1	708	702	528	1.000000 
1177	3	1	708	528	527	1.000000 
1178	3	1	704	703	709	1.000000 
1179	3	1	709	703	707	1.000000 
1180	3	1	709	707	710	1.000000 
1181	3	1	710	707	708	1.000000 
1182	3	1	710	708	527	1.000000 
1183	3	1	710	527	711	1.000000 
1184	3	1	711	527	526	1.000000 
1185	3	1	709	710	712	1.000000 
1186	3	1	712	710	711	1.000000 
1187	3	1	705	704	713	1.000000 
1188	3	1	713	704	709	1.000000 
1189	3	1	713	709	712	1.000000 
1190	3	1	706	705	714	1.000000 
1191	3	1	714	705	713	1.000000 
1192	3	1	714	713	715	1.000000 
1193	3	1	715	713	712	1.000000 
1194	3	1	715	712	716	1.000000 
1195	3	1	716	712	711	1.000000 
1196	3	1	716	711	717	1.000000 
1197	3	1	717	711	526	1.000000 
1198	3	1	717	526	525	1.000000 
1199	3	1	664	657	718	1.000000 
1200	3	1	718	657	658	1.000000 
1201	3	1	665	664	718	1.000000 
1202	3	1	718	658	719	1.000000 
1203	3	1	719	658	659	1.000000 
1204	3	1	719	659	720	1.000000 
1205	3	1	720	659	660	1.000000 
1206	3	1	720	660	721	1.000000 
1207	3	1	721	660	661	1.000000 
1208	3	1	721	661	722	1.000000 
1209	3	1	722	661	662	1.000000 
1210	3	1	722	662	723	1.000000 
1211	3	1	723	662	663	1.000000 
1212	3	1	666	665	724	1.000000 
1213	3	1	724	665	718	1.000000 
1214	3	1	724	718	725	1.000000 
1215	3	1	725	718	719	1.000000 
1216	3	1	667	666	726	1.000000 
1217	3	1	726	666	724	1.000000 
1218	3	1	668	667	727	1.000000 
1219	3	1	727	667	726	1.000000 
1220	3	1	669	668	728	1.000000 
1221	3	1	728	668	727	1.000000 
1222	3	1	670	669	729	1.000000 
1223	3	1	729	669	728	1.000000 
1224	3	1	671	670	729	1.000000 
1225	3	1	672	805	730	1.000000 
1226	3	1	730	671	729	1.000000 
1227	3	1	358	672	731	1.000000 
1228	3	1	731	672	730	1.000000 
1229	3	1	367	358	731	1.000000 
1230	3	1	731	730	732	1.000000 
1231	3	1	732	730	729	1.000000 
1232	3	1	367	731	732	1.000000 
1233	3	1	732	729	733	1.000000 
1234	3	1	733	729	728	1.000000 
1235	3	1	368	367	734	1.000000 
1236	3	1	734	367	732	1.000000 
1237	3	1	734	732	733	1.000000 
1238	3	1	733	728	735	1.000000 
1239	3	1	735	728	727	1.000000 
1240	3	1	734	733	735	1.000000 
1241	3	1	735	727	736	1.000000 
1242	3	1	736	727	726	1.000000 
1243	3	1	736	726	737	1.000000 
1244	3	1	737	726	724	1.000000 
1245	3	1	737	724	725	1.000000 
1246	3	1	369	368	738	1.000000 
1247	3	1	738	368	734	1.000000 
1248	3	1	738	734	735	1.000000 
1249	3	1	738	735	736	1.000000 
1250	3	1	738	736	740	1.000000 
1251	3	1	739	736	737	1.000000 
1252	3	1	369	738	740	1.000000 
1253	3	1	740	736	739	1.000000 
1254	3	1	370	369	740	1.000000 
1255	3	1	739	737	741	1.000000 
1256	3	1	741	737	725	1.000000 
1257	3	1	741	725	742	1.000000 
1258	3	1	742	725	719	1.000000 
1259	3	1	742	719	720	1.000000 
1260	3	1	742	720	743	1.000000 
1261	3	1	743	720	721	1.000000 
1262	3	1	743	721	744	1.000000 
1263	3	1	744	721	722	1.000000 
1264	3	1	744	722	745	1.000000 
1265	3	1	745	722	723	1.000000 
1266	3	1	741	742	746	1.000000 
1267	3	1	746	742	743	1.000000 
1268	3	1	739	741	746	1.000000 
1269	3	1	740	739	747	1.000000 
1270	3	1	747	739	746	1.000000 
1271	3	1	370	740	747	1.000000 
1272	3	1	804	370	747	1.000000 
1273	3	1	747	746	748	1.000000 
1274	3	1	748	746	743	1.000000 
1275	3	1	371	747	748	1.000000 
1276	3	1	748	743	744	1.000000 
1277	3	1	371	748	744	1.000000 
1278	3	1	371	744	745	1.000000 
1279	3	1	372	371	745	1.000000 
1280	3	1	373	372	745	1.000000 
1281	3	1	373	745	723	1.000000 
1282	3	1	373	723	663	1.000000 
1283	3	1	374	373	663	1.000000 
1284	3	1	374	663	366	1.000000 
1285	3	1	375	374	366	1.000000 
1286	3	1	375	366	336	1.000000 
1287	3	1	376	375	336	1.000000 
1288	3	1	376	336	312	1.000000 
1289	3	1	377	376	749	1.000000 
1290	3	1	749	376	312	1.000000 
1291	3	1	749	312	299	1.000000 
1292	3	1	378	377	750	1.000000 
1293	3	1	750	377	749	1.000000 
1294	3	1	750	749	751	1.000000 
1295	3	1	749	299	751	1.000000 
1296	3	1	751	299	300	1.000000 
1297	3	1	751	300	752	1.000000 
1298	3	1	752	300	301	1.000000 
1299	3	1	752	301	753	1.000000 
1300	3	1	753	301	302	1.000000 
1301	3	1	753	302	754	1.000000 
1302	3	1	754	302	303	1.000000 
1303	3	1	754	303	755	1.000000 
1304	3	1	755	303	304	1.000000 
1305	3	1	755	304	756	1.000000 
1306	3	1	756	304	305	1.000000 
1307	3	1	756	305	757	1.000000 
1308	3	1	757	305	306	1.000000 
1309	3	1	757	306	758	1.000000 
1310	3	1	758	306	307	1.000000 
1311	3	1	758	307	759	1.000000 
1312	3	1	759	307	308	1.000000 
1313	3	1	759	308	760	1.000000 
1314	3	1	760	308	309	1.000000 
1315	3	1	760	309	761	1.000000 
1316	3	1	761	309	310	1.000000 
1317	3	1	761	310	762	1.000000 
1318	3	1	762	310	311	1.000000 
1319	3	1	379	378	763	1.000000 
1320	3	1	763	378	750	1.000000 
1321	3	1	763	750	764	1.000000 
1322	3	1	764	750	751	1.000000 
1323	3	1	764	751	765	1.000000 
1324	3	1	765	751	752	1.000000 
1325	3	1	765	752	766	1.000000 
1326	3	1	766	752	753	1.000000 
1327	3	1	766	753	767	1.000000 
1328	3	1	767	753	754	1.000000 
1329	3	1	767	754	768	1.000000 
1330	3	1	768	754	755	1.000000 
1331	3	1	768	755	769	1.000000 
1332	3	1	769	755	756	1.000000 
1333	3	1	769	756	770	1.000000 
1334	3	1	770	756	757	1.000000 
1335	3	1	770	757	771	1.000000 
1336	3	1	771	757	758	1.000000 
1337	3	1	771	758	772	1.000000 
1338	3	1	772	758	759	1.000000 
1339	3	1	772	759	773	1.000000 
1340	3	1	773	759	760	1.000000 
1341	3	1	773	760	774	1.000000 
1342	3	1	774	760	761	1.000000 
1343	3	1	774	761	775	1.000000 
1344	3	1	775	761	762	1.000000 
1345	3	1	380	379	776	1.000000 
1346	3	1	776	379	763	1.000000 
1347	3	1	381	380	777	1.000000 
1348	3	1	777	380	776	1.000000 
1349	3	1	642	381	777	1.000000 
1350	3	1	581	807	778	1.000000 
1351	3	1	778	642	780	1.000000 
1352	3	1	602	581	778	1.000000 
1353	3	1	635	602	779	1.000000 
1354	3	1	779	602	778	1.000000 
1355	3	1	779	778	780	1.000000 
1356	3	1	780	642	777	1.000000 
1357	3	1	780	777	781	1.000000 
1358	3	1	781	777	776	1.000000 
1359	3	1	686	635	782	1.000000 
1360	3	1	782	635	779	1.000000 
1361	3	1	782	779	806	1.000000 
1362	3	1	806	779	780	1.000000 
1363	3	1	783	780	781	1.000000 
1364	3	1	781	776	784	1.000000 
1365	3	1	784	776	763	1.000000 
1366	3	1	784	763	764	1.000000 
1367	3	1	784	764	765	1.000000 
1368	3	1	783	781	784	1.000000 
1369	3	1	783	784	765	1.000000 
1370	3	1	783	765	766	1.000000 
1371	3	1	806	766	767	1.000000 
1372	3	1	782	806	767	1.000000 
1373	3	1	782	767	768	1.000000 
1374	3	1	686	782	768	1.000000 
1375	3	1	686	768	769	1.000000 
1376	3	1	685	686	769	1.000000 
1377	3	1	685	769	770	1.000000 
1378	3	1	684	685	770	1.000000 
1379	3	1	684	770	771	1.000000 
1380	3	1	683	684	771	1.000000 
1381	3	1	683	771	772	1.000000 
1382	3	1	682	683	772	1.000000 
1383	3	1	682	772	773	1.000000 
1384	3	1	681	682	773	1.000000 
1385	3	1	681	773	774	1.000000 
1386	3	1	680	681	774	1.000000 
1387	3	1	680	774	775	1.000000 
1388	3	1	679	680	775	1.000000 
1389	3	1	678	679	785	1.000000 
1390	3	1	785	679	775	1.000000 
1391	3	1	785	775	786	1.000000 
1392	3	1	786	775	762	1.000000 
1393	3	1	786	762	787	1.000000 
1394	3	1	787	762	311	1.000000 
1395	3	1	677	678	788	1.000000 
1396	3	1	788	678	785	1.000000 
1397	3	1	687	677	788	1.000000 
1398	3	1	788	785	786	1.000000 
1399	3	1	788	786	789	1.000000 
1400	3	1	789	786	787	1.000000 
1401	3	1	687	788	789	1.000000 
1402	3	1	688	687	789	1.000000 
1403	3	1	689	688	790	1.000000 
1404	3	1	790	688	789	1.000000 
1405	3	1	790	789	791	1.000000 
1406	3	1	791	789	787	1.000000 
1407	3	1	791	787	792	1.000000 
1408	3	1	792	787	311	1.000000 
1409	3	1	792	311	199	1.000000 
1410	3	1	792	199	706	1.000000 
1411	3	1	791	792	793	1.000000 
1412	3	1	793	792	706	1.000000 
1413	3	1	790	791	793	1.000000 
1414	3	1	793	706	794	1.000000 
1415	3	1	794	706	714	1.000000 
1416	3	1	794	714	795	1.000000 
1417	3	1	795	714	715	1.000000 
1418	3	1	795	715	796	1.000000 
1419	3	1	796	715	716	1.000000 
1420	3	1	796	716	797	1.000000 
1421	3	1	797	716	717	1.000000 
1422	3	1	797	717	525	1.000000 
1423	3	1	797	525	524	1.000000 
1424	3	1	790	793	798	1.000000 
1425	3	1	798	793	794	1.000000 
1426	3	1	798	794	795	1.000000 
1427	3	1	689	790	798	1.000000 
1428	3	1	798	795	799	1.000000 
1429	3	1	799	795	796	1.000000 
1430	3	1	799	796	800	1.000000 
1431	3	1	800	796	797	1.000000 
1432	3	1	800	797	524	1.000000 
1433	3	1	676	689	801	1.000000 
1434	3	1	801	689	798	1.000000 
1435	3	1	801	798	799	1.000000 
1436	3	1	640	676	802	1.000000 
1437	3	1	802	676	801	1.000000 
1438	3	1	641	640	802	1.000000 
1439	3	1	802	801	803	1.000000 
1440	3	1	803	801	799	1.000000 
1441	3	1	803	799	800	1.000000 
1442	3	1	803	800	523	1.000000 
1443	3	1	800	524	523	1.000000 
1444	3	1	523	641	803	1.000000 
1445	3	1	803	641	802	1.000000 
1446	3	1	372	804	371	1.000000 
1447	3	1	747	371	804	1.000000 
1448	3	1	730	805	671	1.000000 
1449	3	1	646	671	805	1.000000 
1450	3	1	766	806	783	1.000000 
1451	3	1	780	783	806	1.000000 
1452	3	1	778	807	642	1.000000 
1453	3	1	382	642	807	1.000000 
1454	3	1	533	808	690	1.000000 
1455	3	1	207	690	808	1.000000 
0    ELEMENT GROUPS
159     :TOTAL NUMBER OF SURFACE ELEMENT
1	2	1	2
2	2	2	3
3	2	3	4
4	2	4	5
5	2	5	6
6	2	6	7
7	2	7	8
8	2	8	9
9	2	9	10
10	2	10	11
11	2	11	12
12	2	12	13
13	2	13	14
14	2	14	15
15	2	15	16
16	2	16	17
17	2	17	18
18	2	18	19
19	2	19	20
20	2	20	21
21	2	21	22
22	2	22	23
23	2	23	24
24	2	24	25
25	2	25	26
26	2	26	27
27	2	27	28
28	2	28	29
29	2	29	30
30	2	30	31
31	2	31	32
32	2	32	33
33	2	33	34
34	2	34	35
35	2	35	36
36	2	36	37
37	2	37	38
38	2	38	39
39	2	39	40
40	2	40	41
41	2	41	42
42	2	42	43
43	2	43	44
44	2	44	45
45	2	45	46
46	2	46	47
47	2	47	48
48	2	48	49
49	2	49	50
50	2	50	51
51	2	51	52
52	2	52	53
53	2	53	54
54	2	54	55
55	2	55	56
56	2	56	57
57	2	57	58
58	2	58	59
59	2	59	60
60	2	60	61
61	2	61	62
62	2	62	63
63	2	63	64
64	2	64	65
65	2	65	66
66	2	66	67
67	2	67	68
68	2	68	69
69	2	69	70
70	2	70	71
71	2	71	72
72	2	72	73
73	2	73	74
74	2	74	75
75	2	75	76
76	2	76	77
77	2	77	78
78	2	78	79
79	2	79	80
80	2	80	81
81	2	81	82
82	2	82	83
83	2	83	84
84	2	84	85
85	2	85	86
86	2	86	87
87	2	87	88
88	2	88	89
89	2	89	90
90	2	90	91
91	2	91	92
92	2	92	93
93	2	93	94
94	2	94	95
95	2	95	96
96	2	96	97
97	2	97	98
98	2	98	99
99	2	99	100
100	2	100	101
101	2	101	102
102	2	102	103
103	2	103	104
104	2	104	105
105	2	105	106
106	2	106	107
107	2	107	108
108	2	108	109
109	2	109	110
110	2	110	111
111	2	111	112
112	2	112	113
113	2	113	114
114	2	114	115
115	2	115	116
116	2	116	117
117	2	117	118
118	2	118	119
119	2	119	120
120	2	120	121
121	2	121	122
122	2	122	123
123	2	123	124
124	2	124	125
125	2	125	126
126	2	126	127
127	2	127	128
128	2	128	129
129	2	129	130
130	2	130	131
131	2	131	132
132	2	132	133
133	2	133	134
134	2	134	135
135	2	135	136
136	2	136	137
137	2	137	138
138	2	138	139
139	2	139	140
140	2	140	141
141	2	141	142
142	2	142	143
143	2	143	144
144	2	144	145
145	2	145	146
146	2	146	147
147	2	147	148
148	2	148	149
149	2	149	150
150	2	150	151
151	2	151	152
152	2	152	153
153	2	153	154
154	2	154	155
155	2	155	156
156	2	156	157
157	2	157	158
158	2	158	159
159	2	159	1
1	0	20.000	0	20.000
2	0	20.000	0	20.000
3	0	20.000	0	20.000
4	0	20.000	0	20.000
5	0	20.000	0	20.000
6	0	20.000	0	20.000
7	0	20.000	0	20.000
8	0	20.000	0	20.000
9	1	0.000	1	0.000
10	1	0.000	1	0.000
11	1	0.000	1	0.000
12	1	0.000	1	0.000
13	1	0.000	1	0.000
14	1	0.000	1	0.000
15	1	0.000	1	0.000
16	1	0.000	1	0.000
17	1	0.000	1	0.000
18	1	0.000	1	0.000
19	1	0.000	1	0.000
20	1	0.000	1	0.000
21	1	0.000	1	0.000
22	1	0.000	1	0.000
23	1	0.000	1	0.000
24	1	0.000	1	0.000
25	1	0.000	1	0.000
26	1	0.000	1	0.000
27	1	0.000	1	0.000
28	1	0.000	1	0.000
29	1	0.000	1	0.000
30	1	0.000	1	0.000
31	1	0.000	1	0.000
32	1	0.000	1	0.000
33	1	0.000	1	0.000
34	1	0.000	1	0.000
35	1	0.000	1	0.000
36	1	0.000	1	0.000
37	1	0.000	1	0.000
38	1	0.000	1	0.000
39	1	0.000	1	0.000
40	1	0.000	1	0.000
41	1	0.000	1	0.000
42	1	0.000	1	0.000
43	1	0.000	1	0.000
44	1	0.000	1	0.000
45	1	0.000	1	0.000
46	1	0.000	1	0.000
47	1	0.000	1	0.000
48	1	0.000	1	0.000
49	1	0.000	1	0.000
50	1	0.000	1	0.000
51	1	0.000	1	0.000
52	1	0.000	1	0.000
53	1	0.000	1	0.000
54	1	0.000	1	0.000
55	1	0.000	1	0.000
56	1	0.000	1	0.000
57	1	0.000	1	0.000
58	1	0.000	1	0.000
59	1	0.000	1	0.000
60	1	0.000	1	0.000
61	1	0.000	1	0.000
62	1	0.000	1	0.000
63	1	0.000	1	0.000
64	1	0.000	1	0.000
65	1	0.000	1	0.000
66	1	0.000	1	0.000
67	1	0.000	1	0.000
68	0	100.000	0	100.000
69	0	100.000	0	100.000
70	0	100.000	0	100.000
71	0	100.000	0	100.000
72	0	100.000	0	100.000
73	0	100.000	0	100.000
74	0	100.000	0	100.000
75	0	100.000	0	100.000
76	1	0.000	1	0.000
77	1	0.000	1	0.000
78	1	0.000	1	0.000
79	1	0.000	1	0.000
80	1	0.000	1	0.000
81	1	0.000	1	0.000
82	1	0.000	1	0.000
83	1	0.000	1	0.000
84	1	0.000	1	0.000
85	1	0.000	1	0.000
86	1	0.000	1	0.000
87	1	0.000	1	0.000
88	1	0.000	1	0.000
89	1	0.000	1	0.000
90	1	0.000	1	0.000
91	1	0.000	1	0.000
92	1	0.000	1	0.000
93	1	0.000	1	0.000
94	1	0.000	1	0.000
95	1	0.000	1	0.000
96	1	0.000	1	0.000
97	1	0.000	1	0.000
98	1	0.000	1	0.000
99	1	0.000	1	0.000
100	1	0.000	1	0.000
101	1	0.000	1	0.000
102	1	0.000	1	0.000
103	1	0.000	1	0.000
104	1	0.000	1	0.000
105	1	30000.000	1	30000.000
106	1	30000.000	1	30000.000
107	1	30000.000	1	30000.000
108	1	30000.000	1	30000.000
109	1	30000.000	1	30000.000
110	1	30000.000	1	30000.000
111	1	30000.000	1	30000.000
112	1	30000.000	1	30000.000
113	1	30000.000	1	30000.000
114	1	30000.000	1	30000.000
115	1	30000.000	1	30000.000
116	1	30000.000	1	30000.000
117	1	0.000	1	0.000
118	1	0.000	1	0.000
119	1	0.000	1	0.000
120	1	0.000	1	0.000
121	1	0.000	1	0.000
122	1	0.000	1	0.000
123	1	0.000	1	0.000
124	1	0.000	1	0.000
125	1	0.000	1	0.000
126	1	0.000	1	0.000
127	1	0.000	1	0.000
128	1	0.000	1	0.000
129	0	100.000	0	100.000
130	0	100.000	0	100.000
131	0	100.000	0	100.000
132	0	100.000	0	100.000
133	0	100.000	0	100.000
134	1	0.000	1	0.000
135	1	0.000	1	0.000
136	1	0.000	1	0.000
137	1	0.000	1	0.000
138	1	0.000	1	0.000
139	1	0.000	1	0.000
140	1	0.000	1	0.000
141	1	0.000	1	0.000
142	1	0.000	1	0.000
143	1	0.000	1	0.000
144	1	0.000	1	0.000
145	1	0.000	1	0.000
146	1	0.000	1	0.000
147	1	0.000	1	0.000
148	1	0.000	1	0.000
149	1	0.000	1	0.000
150	1	0.000	1	0.000
151	1	0.000	1	0.000
152	1	0.000	1	0.000
153	1	0.000	1	0.000
154	1	0.000	1	0.000
155	1	0.000	1	0.000
156	1	0.000	1	0.000
157	1	0.000	1	0.000
158	1	0.000	1	0.000
159	1	0.000	1	0.000

