     2
   199
      1  -0.54456700E+02   0.21858511E+01
      2  -0.54456700E+02  -0.17814149E+02
      3  -0.67247900E+02  -0.17814149E+02
      4  -0.67247900E+02   0.26690551E+02
      5   0.19687843E+02   0.26690551E+02
      6   0.49153700E+02  -0.17814149E+02
      7   0.39006500E+02  -0.17814149E+02
      8   0.39006500E+02  -0.72728022E+01
      9   0.72013800E+02   0.11288100E+02
     10   0.28662190E+02   0.13295900E+02
     11  -0.53275300E+02   0.13295900E+02
     12  -0.53275300E+02   0.21858511E+01
     13  -0.53275300E+02   0.35999136E+01
     14  -0.53275300E+02   0.57367386E+01
     15  -0.53275300E+02   0.87225959E+01
     16  -0.48154207E+02   0.13295900E+02
     17  -0.43033114E+02   0.13295900E+02
     18  -0.37912021E+02   0.13295900E+02
     19  -0.32790928E+02   0.13295900E+02
     20  -0.27669834E+02   0.13295900E+02
     21  -0.22548741E+02   0.13295900E+02
     22  -0.17427648E+02   0.13295900E+02
     23  -0.12306555E+02   0.13295900E+02
     24  -0.71854619E+01   0.13295900E+02
     25  -0.20643688E+01   0.13295900E+02
     26   0.30567243E+01   0.13295900E+02
     27   0.81778174E+01   0.13295900E+02
     28   0.13298911E+02   0.13295900E+02
     29   0.18420004E+02   0.13295900E+02
     30   0.23541097E+02   0.13295900E+02
     31   0.29720981E+02   0.18267502E+02
     32   0.31906165E+02   0.22856928E+02
     33   0.35098088E+02   0.26812872E+02
     34   0.39121966E+02   0.29918715E+02
     35   0.43757462E+02   0.32004390E+02
     36   0.48750747E+02   0.32955689E+02
     37   0.53828400E+02   0.32720521E+02
     38   0.58712381E+02   0.31311763E+02
     39   0.63135253E+02   0.28806557E+02
     40   0.66854832E+02   0.25342080E+02
     41   0.69667441E+02   0.21108040E+02
     42   0.71419069E+02   0.16336284E+02
     43   0.71415581E+02   0.62253414E+01
     44   0.69653873E+02   0.14414334E+01
     45   0.66825708E+02  -0.28001320E+01
     46   0.63086859E+02  -0.62657344E+01
     47   0.58643257E+02  -0.87644926E+01
     48   0.53739650E+02  -0.10158778E+02
     49   0.48646124E+02  -0.10371795E+02
     50   0.43643222E+02  -0.93918110E+01
     51   0.39006500E+02  -0.12543476E+02
     52   0.44080100E+02  -0.17814149E+02
     53   0.54062417E+02  -0.17435488E+02
     54   0.58854989E+02  -0.16308482E+02
     55   0.63418019E+02  -0.14459795E+02
     56   0.67643543E+02  -0.11933170E+02
     57   0.71431582E+02  -0.87883879E+01
     58   0.74692506E+02  -0.50998571E+01
     59   0.77349161E+02  -0.95485125E+00
     60   0.79338688E+02   0.35485555E+01
     61   0.80614012E+02   0.83038091E+01
     62   0.81144959E+02   0.13198396E+02
     63   0.80918966E+02   0.18116507E+02
     64   0.79941381E+02   0.22941776E+02
     65   0.78235333E+02   0.27560032E+02
     66   0.75841189E+02   0.31862004E+02
     67   0.72815596E+02   0.35745904E+02
     68   0.69230143E+02   0.39119835E+02
     69   0.65169664E+02   0.41903969E+02
     70   0.60730234E+02   0.44032430E+02
     71   0.56016892E+02   0.45454856E+02
     72   0.51141160E+02   0.46137593E+02
     73   0.46218403E+02   0.46064486E+02
     74   0.41365095E+02   0.45237264E+02
     75   0.36696071E+02   0.43675502E+02
     76   0.32321803E+02   0.41416150E+02
     77   0.28345790E+02   0.38512668E+02
     78   0.24862108E+02   0.35033753E+02
     79   0.21953183E+02   0.31061721E+02
     80   0.14573975E+02   0.26690551E+02
     81   0.94601083E+01   0.26690551E+02
     82   0.43462410E+01   0.26690551E+02
     83  -0.76762617E+00   0.26690551E+02
     84  -0.58814934E+01   0.26690551E+02
     85  -0.10995361E+02   0.26690551E+02
     86  -0.16109228E+02   0.26690551E+02
     87  -0.21223095E+02   0.26690551E+02
     88  -0.26336962E+02   0.26690551E+02
     89  -0.31450829E+02   0.26690551E+02
     90  -0.36564697E+02   0.26690551E+02
     91  -0.41678564E+02   0.26690551E+02
     92  -0.46792431E+02   0.26690551E+02
     93  -0.51906298E+02   0.26690551E+02
     94  -0.57020166E+02   0.26690551E+02
     95  -0.62134033E+02   0.26690551E+02
     96  -0.67247900E+02   0.21745585E+02
     97  -0.67247900E+02   0.16800618E+02
     98  -0.67247900E+02   0.11855651E+02
     99  -0.67247900E+02   0.69106845E+01
    100  -0.67247900E+02   0.19657179E+01
    101  -0.67247900E+02  -0.29792488E+01
    102  -0.67247900E+02  -0.79242155E+01
    103  -0.67247900E+02  -0.12869182E+02
    104  -0.62984167E+02  -0.17814149E+02
    105  -0.58720433E+02  -0.17814149E+02
    106  -0.54456700E+02  -0.13096015E+02
    107  -0.54456700E+02  -0.83778806E+01
    108  -0.54456700E+02  -0.41958629E+01
    109  -0.54456700E+02  -0.12777668E+01
    110  -0.54456700E+02   0.89161855E+00
    111  -0.54555783E+02   0.39816360E+01
    112  -0.57384927E+02   0.12158881E+02
    113  -0.51029810E+02   0.17694356E+02
    114  -0.45964934E+02   0.17745474E+02
    115  -0.40866260E+02   0.17756727E+02
    116  -0.35753346E+02   0.17759291E+02
    117  -0.30635905E+02   0.17759802E+02
    118  -0.25516997E+02   0.17759787E+02
    119  -0.20398222E+02   0.17759901E+02
    120  -0.15279801E+02   0.17759988E+02
    121  -0.10160183E+02   0.17759870E+02
    122  -0.50422875E+01   0.17759794E+02
    123   0.74571492E-01   0.17759894E+02
    124   0.51901335E+01   0.17759935E+02
    125   0.10294701E+02   0.17761638E+02
    126   0.15375836E+02   0.17769216E+02
    127   0.20397269E+02   0.17802756E+02
    128   0.25262438E+02   0.17933968E+02
    129   0.27279641E+02   0.22693354E+02
    130   0.29958268E+02   0.27806585E+02
    131   0.34333698E+02   0.31627482E+02
    132   0.38995723E+02   0.35169169E+02
    133   0.45329810E+02   0.37245551E+02
    134   0.52002889E+02   0.37508144E+02
    135   0.57629307E+02   0.35861079E+02
    136   0.63060732E+02   0.33760013E+02
    137   0.67395346E+02   0.29862739E+02
    138   0.70927865E+02   0.25680421E+02
    139   0.74972085E+02   0.20538161E+02
    140   0.76533640E+02   0.13706612E+02
    141   0.75827942E+02   0.76181992E+01
    142   0.74320984E+02   0.25105481E+01
    143   0.71604906E+02  -0.27472523E+01
    144   0.67989984E+02  -0.66703397E+01
    145   0.74937316E+02   0.26278697E+02
    146   0.71718610E+02   0.30679135E+02
    147   0.65377899E+02   0.37564782E+02
    148   0.56899926E+02   0.40572989E+02
    149   0.48697371E+02   0.41718019E+02
    150   0.40558201E+02   0.40301480E+02
    151   0.33247279E+02   0.36431296E+02
    152   0.26257967E+02   0.30780076E+02
    153   0.17470601E+02   0.22252839E+02
    154   0.12413633E+02   0.22231768E+02
    155   0.73197819E+01   0.22226286E+02
    156   0.22119771E+01   0.22224717E+02
    157  -0.29029748E+01   0.22224735E+02
    158  -0.80173831E+01   0.22224561E+02
    159  -0.13134563E+02   0.22224570E+02
    160  -0.18251868E+02   0.22224732E+02
    161  -0.23367986E+02   0.22224609E+02
    162  -0.33600227E+02   0.22224577E+02
    163  -0.38713675E+02   0.22223756E+02
    164  -0.43819310E+02   0.22219236E+02
    165  -0.48907380E+02   0.22198479E+02
    166  -0.53948161E+02   0.22121257E+02
    167  -0.58857021E+02   0.21984440E+02
    168  -0.63441185E+02   0.21744983E+02
    169  -0.62619258E+02   0.12673826E+02
    170  -0.63395906E+02   0.78459405E+01
    171  -0.63095051E+02   0.28438986E+01
    172  -0.63469555E+02  -0.18440497E+01
    173  -0.63056076E+02  -0.68569611E+01
    174  -0.62888120E+02  -0.12146389E+02
    175  -0.58725576E+02  -0.10585388E+02
    176  -0.58855685E+02  -0.54401513E+01
    177  -0.57007091E+02  -0.23262235E+01
    178  -0.55935182E+02   0.18793216E+01
    179  -0.56554658E+02   0.75706410E+01
    180  -0.56000126E+02   0.17435033E+02
    181   0.68332161E+02   0.34355462E+02
    182   0.61316763E+02   0.38943399E+02
    183   0.52956425E+02   0.42214881E+02
    184   0.44442137E+02   0.42049281E+02
    185   0.36372399E+02   0.39336449E+02
    186   0.29654109E+02   0.33415459E+02
    187   0.22433111E+02   0.22336915E+02
    188   0.24585200E+02   0.26753974E+02
    189  -0.28484361E+02   0.22224540E+02
    190  -0.56993080E+02   0.28797183E+00
    191  -0.55940900E+02   0.34242539E+01
    192  -0.60966949E+02   0.17186791E+02
    193  -0.59889750E+02   0.52304861E+01
    194  -0.60106176E+02  -0.91879415E+00
    195  -0.59887822E+02   0.90239717E+01
    196  -0.59701654E+02   0.20022267E+01
    197  -0.55571594E+02   0.52313243E+01
    198  -0.57695481E+02   0.27914088E+01
    199  -0.57321027E+02   0.48215970E+01
  286
      1   3         12      13       1
      2   3         13      14     111
      3   3         15      11     112
      4   3         11      16     113
      5   3         16      17     114
      6   3         16     114     113
      7   3         17      18     115
      8   3         17     115     114
      9   3         18      19     116
     10   3         18     116     115
     11   3         19      20     117
     12   3         19     117     116
     13   3         20      21     118
     14   3         20     118     117
     15   3         21      22     119
     16   3         21     119     118
     17   3         22      23     120
     18   3         22     120     119
     19   3         23      24     121
     20   3         23     121     120
     21   3         24      25     122
     22   3         24     122     121
     23   3         25      26     123
     24   3         25     123     122
     25   3         26      27     124
     26   3         26     124     123
     27   3         27      28     125
     28   3         27     125     124
     29   3         28      29     126
     30   3         28     126     125
     31   3         29      30     127
     32   3         29     127     126
     33   3         30      10     128
     34   3        127      30     128
     35   3         10      31     128
     36   3         31      32     129
     37   3         31     129     128
     38   3         32      33     130
     39   3         33      34     131
     40   3         34      35     132
     41   3         35      36     133
     42   3         36      37     134
     43   3         37      38     135
     44   3         38      39     136
     45   3         39      40     137
     46   3         40      41     138
     47   3         41      42     139
     48   3         42       9     140
     49   3          9      43     141
     50   3         43      44     142
     51   3         44      45     143
     52   3         45      46     144
     53   3         45     144     143
     54   3         46      47      55
     55   3         47      48      54
     56   3          6      53      49
     57   3         49      50      52
     58   3         50       8      51
     59   3         51       7      52
     60   3         52       6      49
     61   3         54      55      47
     62   3         56      57     144
     63   3         57      58     143
     64   3         58      59     143
     65   3         59      60     142
     66   3         60      61     141
     67   3         61      62     140
     68   3         62      63     140
     69   3         63      64     139
     70   3         64      65     145
     71   3        139      64     145
     72   3         65      66     145
     73   3         66      67     146
     74   3         68      69     147
     75   3         70      71     148
     76   3         72      73     149
     77   3         74      75     150
     78   3         76      77     151
     79   3         78      79     152
     80   3          5      80     153
     81   3         80      81     154
     82   3         80     154     153
     83   3         81      82     155
     84   3         81     155     154
     85   3         82      83     156
     86   3         82     156     155
     87   3         83      84     157
     88   3         83     157     156
     89   3         84      85     158
     90   3         84     158     157
     91   3         85      86     159
     92   3         85     159     158
     93   3         86      87     160
     94   3         86     160     159
     95   3         87      88     161
     96   3         87     161     160
     97   3         89      90     162
     98   3         90      91     163
     99   3         90     163     162
    100   3         91      92     164
    101   3         91     164     163
    102   3         92      93     165
    103   3         92     165     164
    104   3         93      94     166
    105   3         93     166     165
    106   3         94      95     167
    107   3         94     167     166
    108   3         95       4     168
    109   3        167      95     168
    110   3          4      96     168
    111   3        197     179     199
    112   3         96      97     168
    113   3         97      98     169
    114   3        198     199     193
    115   3         98      99     170
    116   3         98     170     169
    117   3         99     100     171
    118   3         99     171     170
    119   3        100     101     172
    120   3        100     172     171
    121   3        101     102     173
    122   3        101     173     172
    123   3        102     103     174
    124   3        102     174     173
    125   3        103       3     104
    126   3        104     105     174
    127   3        105       2     106
    128   3        106     107     175
    129   3        107     108     176
    130   3        107     176     175
    131   3        108     109     177
    132   3        108     177     176
    133   3        110       1     178
    134   3          1      13     111
    135   3         52      50      51
    136   3        103     104     174
    137   3        105     106     175
    138   3         15     112     179
    139   3         15     179      14
    140   3         11     113     180
    141   3        129      32     130
    142   3        131      34     132
    143   3        130      33     131
    144   3         35     133     132
    145   3         36     134     133
    146   3         37     135     134
    147   3         38     136     135
    148   3         39     137     136
    149   3         40     138     137
    150   3         42     140     139
    151   3          9     141     140
    152   3         43     142     141
    153   3         44     143     142
    154   3        144      57     143
    155   3         56     144      46
    156   3         48      49      53
    157   3        141      61     140
    158   3        145      66     146
    159   3         53      54      48
    160   3         59     142     143
    161   3         55      56      46
    162   3        142      60     141
    163   3        140      63     139
    164   3         67      68     181
    165   3         69      70     182
    166   3         71      72     183
    167   3         73      74     184
    168   3         75      76     185
    169   3         77      78     186
    170   3          5     153     187
    171   3         79       5     188
    172   3         89     162     189
    173   3         89     189      88
    174   3        161      88     189
    175   3        105     175     174
    176   3        177     109     190
    177   3        178       1     191
    178   3          1     111     191
    179   3        112      11     180
    180   3         67     181     146
    181   3        183      72     149
    182   3        186      78     152
    183   3        181      68     147
    184   3        151      77     186
    185   3        152      79     188
    186   3        188       5     187
    187   3        185      76     151
    188   3        184      74     150
    189   3        182      70     148
    190   3         69     182     147
    191   3         71     183     148
    192   3         73     184     149
    193   3         75     185     150
    194   3        180     113     166
    195   3        146     181     137
    196   3        129     130     188
    197   3        113     114     165
    198   3        116     117     162
    199   3        117     118     189
    200   3        118     119     161
    201   3        119     120     160
    202   3        120     121     159
    203   3        121     122     158
    204   3        122     123     157
    205   3        123     124     156
    206   3        124     125     155
    207   3        125     126     154
    208   3        126     127     153
    209   3        127     128     187
    210   3        131     132     151
    211   3        128     129     187
    212   3        132     133     150
    213   3         41     139     138
    214   3        187     153     127
    215   3        180     166     167
    216   3        160     120     159
    217   3        189     162     117
    218   3        161     119     160
    219   3        189     118     161
    220   3        183     149     134
    221   3        139     145     138
    222   3        148     183     134
    223   3        151     186     131
    224   3        165     114     164
    225   3        147     182     136
    226   3        188     130     152
    227   3        186     152     130
    228   3        137     181     136
    229   3        182     148     135
    230   3        166     113     165
    231   3        184     150     133
    232   3        186     130     131
    233   3        181     147     136
    234   3        188     187     129
    235   3        174     175     173
    236   3        153     154     126
    237   3        156     157     123
    238   3        157     158     122
    239   3        158     159     121
    240   3        163     164     115
    241   3        162     163     116
    242   3        184     133     149
    243   3        167     168     192
    244   3        180     167     192
    245   3        168      97     192
    246   3         97     169     192
    247   3        170     171     193
    248   3        172     173     176
    249   3        177     190     194
    250   3        175     176     173
    251   3        109     110     190
    252   3        112     180     192
    253   3        114     115     164
    254   3        115     116     163
    255   3        133     134     149
    256   3        134     135     148
    257   3        135     136     182
    258   3        137     138     146
    259   3        155     125     154
    260   3        156     124     155
    261   3        150     185     132
    262   3        138     145     146
    263   3        185     151     132
    264   3        170     193     195
    265   3        169     170     195
    266   3        193     171     196
    267   3        172     176     194
    268   3        171     172     194
    269   3        179     112     195
    270   3         14     179     197
    271   3        178     191     198
    272   3        179     195     193
    273   3        193     199     179
    274   3        190     110     178
    275   3        191     111     197
    276   3        169     195     112
    277   3        194     190     196
    278   3        196     171     194
    279   3        192     169     112
    280   3        190     178     198
    281   3        196     190     198
    282   3        196     198     193
    283   3        111      14     197
    284   3        176     177     194
    285   3        198     191     199
    286   3        199     191     197
      1  0.55273126E+08
      2  0.30496617E+07
      3  0.10035271E+08
      4  0.30566001E+08
      5  0.91944827E+08
      6  0.25403796E-06
      7  0.80516860E-07
      8  0.10856590E-06
      9  0.14800286E+01
     10  0.12417317E+09
     11  0.14471926E+09
     12  0.38364065E+08
     13  0.51567943E+08
     14  0.65602564E+08
     15  0.96801373E+08
     16  0.18324151E+09
     17  0.17990222E+09
     18  0.18013777E+09
     19  0.18026169E+09
     20  0.18029552E+09
     21  0.18029726E+09
     22  0.18029017E+09
     23  0.18029348E+09
     24  0.18028589E+09
     25  0.18028519E+09
     26  0.18029434E+09
     27  0.18017686E+09
     28  0.17926750E+09
     29  0.17331903E+09
     30  0.15772715E+09
     31  0.50273464E+08
     32  0.22920985E+08
     33  0.27820044E+08
     34  0.19877596E+08
     35  0.14416953E+08
     36  0.78557263E+07
     37  0.11921348E+07
     38  0.43063827E+06
     39  0.78531243E+05
     40  0.99342698E+04
     41  0.88611105E+03
     42  0.10261461E+02
     43  0.42702039E+00
     44  0.73861681E-01
     45  0.94594988E-02
     46  0.13634146E-02
     47  0.42542038E-04
     48  0.31254970E-05
     49  0.27888288E-06
     50  0.11291512E-06
     51  0.98750939E-07
     52  0.12090161E-06
     53  0.96097308E-06
     54  0.12219818E-04
     55  0.15044118E-03
     56  0.14629453E-02
     57  0.49690053E-02
     58  0.15181520E-01
     59  0.73690221E-01
     60  0.37753972E+00
     61  0.13720572E+01
     62  0.22579913E+01
     63  0.38776068E+02
     64  0.26058027E+03
     65  0.38691006E+03
     66  0.18898098E+04
     67  0.98575098E+04
     68  0.48666993E+05
     69  0.16161575E+06
     70  0.46621393E+06
     71  0.76694156E+06
     72  0.78671927E+06
     73  0.11320263E+07
     74  0.20113299E+07
     75  0.44408682E+07
     76  0.65409264E+07
     77  0.12509217E+08
     78  0.26275232E+08
     79  0.58517447E+08
     80  0.11543569E+09
     81  0.11402664E+09
     82  0.11403574E+09
     83  0.11409668E+09
     84  0.11410785E+09
     85  0.11412421E+09
     86  0.11412746E+09
     87  0.11412414E+09
     88  0.11413230E+09
     89  0.11416419E+09
     90  0.11425957E+09
     91  0.11439346E+09
     92  0.11380696E+09
     93  0.10626321E+09
     94  0.79662006E+08
     95  0.46606765E+08
     96  0.48376724E+08
     97  0.71384491E+08
     98  0.88568513E+08
     99  0.76448626E+08
    100  0.56179591E+08
    101  0.36527311E+08
    102  0.20694565E+08
    103  0.12165770E+08
    104  0.96907173E+07
    105  0.61009249E+07
    106  0.55069912E+07
    107  0.14044952E+08
    108  0.30055636E+08
    109  0.40456632E+08
    110  0.66702165E+08
    111  0.57160212E+08
    112  0.80773850E+08
    113  0.10205434E+09
    114  0.10344522E+09
    115  0.10606372E+09
    116  0.10648113E+09
    117  0.10652150E+09
    118  0.10652206E+09
    119  0.10651794E+09
    120  0.10651964E+09
    121  0.10652003E+09
    122  0.10650740E+09
    123  0.10649641E+09
    124  0.10645504E+09
    125  0.10643375E+09
    126  0.10695883E+09
    127  0.10073654E+09
    128  0.87275771E+08
    129  0.36130832E+08
    130  0.34863285E+08
    131  0.21661729E+08
    132  0.13062371E+08
    133  0.75522461E+07
    134  0.23332683E+07
    135  0.63545753E+06
    136  0.14140929E+06
    137  0.21038121E+05
    138  0.25325680E+04
    139  0.17553507E+03
    140  0.31850511E+01
    141  0.81650551E+00
    142  0.16657028E+00
    143  0.21631576E-01
    144  0.33975170E-02
    145  0.73996449E+03
    146  0.61556178E+04
    147  0.84549365E+05
    148  0.58886963E+06
    149  0.14967504E+07
    150  0.54448151E+07
    151  0.12091762E+08
    152  0.34790643E+08
    153  0.60153342E+08
    154  0.60411509E+08
    155  0.62135731E+08
    156  0.62507279E+08
    157  0.62572224E+08
    158  0.62577945E+08
    159  0.62578295E+08
    160  0.62571911E+08
    161  0.62561568E+08
    162  0.62512171E+08
    163  0.62455720E+08
    164  0.62699239E+08
    165  0.68580004E+08
    166  0.68688305E+08
    167  0.63143277E+08
    168  0.48858488E+08
    169  0.69973704E+08
    170  0.60414661E+08
    171  0.43482078E+08
    172  0.34924787E+08
    173  0.22833390E+08
    174  0.13187732E+08
    175  0.12567447E+08
    176  0.24150811E+08
    177  0.32133935E+08
    178  0.54748722E+08
    179  0.53014158E+08
    180  0.76926405E+08
    181  0.30505178E+05
    182  0.25965444E+06
    183  0.91767991E+06
    184  0.27214132E+07
    185  0.74680941E+07
    186  0.20697865E+08
    187  0.43899222E+08
    188  0.56855770E+08
    189  0.62546690E+08
    190  0.40018153E+08
    191  0.46943559E+08
    192  0.64111563E+08
    193  0.40802697E+08
    194  0.32946066E+08
    195  0.52736866E+08
    196  0.33366012E+08
    197  0.51189335E+08
    198  0.40231370E+08
    199  0.44867750E+08
      1  0.38364065E+08
      2  0.67848418E+08
      3  0.16077233E+09
      4  0.24037589E+09
      5  0.22268316E+09
      6  0.87546505E+08
      7  0.22204886E+09
      8  0.95329483E+08
      9  0.22225930E+09
     10  0.96235670E+08
     11  0.22234816E+09
     12  0.96236818E+08
     13  0.22236940E+09
     14  0.96204908E+08
     15  0.22236482E+09
     16  0.96195477E+08
     17  0.22235582E+09
     18  0.96193659E+08
     19  0.22235621E+09
     20  0.96192814E+08
     21  0.22235853E+09
     22  0.96195572E+08
     23  0.22237972E+09
     24  0.96186746E+08
     25  0.22243455E+09
     26  0.96159643E+08
     27  0.22222795E+09
     28  0.96137385E+08
     29  0.21974409E+09
     30  0.96466537E+08
     31  0.20215967E+09
     32  0.99393988E+08
     33  0.18387351E+09
     34  0.90129921E+08
     35  0.69346537E+08
     36  0.12121442E+08
     37  0.69858834E+08
     38  0.30144706E+08
     39  0.22416836E+08
     40  0.16725730E+08
     41  0.13169322E+08
     42  0.17331681E+07
     43  0.76306972E+06
     44  0.17909040E+06
     45  0.23242504E+05
     46  0.19877076E+04
     47  0.23836057E+02
     48  0.20547735E+01
     49  0.84064959E+00
     50  0.15410455E+00
     51  0.21040813E-01
     52  0.27647524E-02
     53  0.54921023E-02
     54  0.94504268E-04
     55  0.69390237E-05
     56  0.32031246E-06
     57  0.12326118E-06
     58  0.10856590E-06
     59  0.80516860E-07
     60  0.18589581E-06
     61  0.27203554E-04
     62  0.23731345E-02
     63  0.77411359E-02
     64  0.22617144E-01
     65  0.14512007E+00
     66  0.71112372E+00
     67  0.20694117E+01
     68  0.24442904E+01
     69  0.10021968E+03
     70  0.37921263E+03
     71  0.23997069E+03
     72  0.39453614E+03
     73  0.43902365E+04
     74  0.91098985E+05
     75  0.69614637E+06
     76  0.67494409E+06
     77  0.25323352E+07
     78  0.86333011E+07
     79  0.38923219E+08
     80  0.16598289E+09
     81  0.15707113E+09
     82  0.24225880E+08
     83  0.15597867E+09
     84  0.29353787E+08
     85  0.15589658E+09
     86  0.30328890E+08
     87  0.15592678E+09
     88  0.30448982E+08
     89  0.15593491E+09
     90  0.30452735E+08
     91  0.15594653E+09
     92  0.30437015E+08
     93  0.15595958E+09
     94  0.30420276E+08
     95  0.15596750E+09
     96  0.30408324E+08
     97  0.15610759E+09
     98  0.15641852E+09
     99  0.30258278E+08
    100  0.15687362E+09
    101  0.30017596E+08
    102  0.15514458E+09
    103  0.29791236E+08
    104  0.12244071E+09
    105  0.41750528E+08
    106  0.69429796E+08
    107  0.47543939E+08
    108  0.26918581E+08
    109  0.42808807E+08
    110  0.33280777E+08
    111  0.45822669E+08
    112  0.63472670E+08
    113  0.10156091E+09
    114  0.46010887E+08
    115  0.10257949E+09
    116  0.60274551E+08
    117  0.75676553E+08
    118  0.50365137E+08
    119  0.52947685E+08
    120  0.41318972E+08
    121  0.29119055E+08
    122  0.26405813E+08
    123  0.15313832E+08
    124  0.17188941E+08
    125  0.10035271E+08
    126  0.79552642E+07
    127  0.30496617E+07
    128  0.91967325E+07
    129  0.21004294E+08
    130  0.10983535E+08
    131  0.37356407E+08
    132  0.24482336E+08
    133  0.83221140E+08
    134  0.55986521E+08
    135  0.11008130E-06
    136  0.11057601E+08
    137  0.36241145E+07
    138  0.50662525E+08
    139  0.91704408E+08
    140  0.69315858E+08
    141  0.27796749E+08
    142  0.20160624E+08
    143  0.31407249E+08
    144  0.13121353E+08
    145  0.90673557E+07
    146  0.11461652E+07
    147  0.33003425E+06
    148  0.43141776E+05
    149  0.49128670E+04
    150  0.34794364E+01
    151  0.16358133E+01
    152  0.30676549E+00
    153  0.45735690E-01
    154  0.48060738E-02
    155  0.10394134E-02
    156  0.46698751E-06
    157  0.13625762E+01
    158  0.99035684E+03
    159  0.20444750E-05
    160  0.53479909E-01
    161  0.32923223E-03
    162  0.28314017E+00
    163  0.12114225E+02
    164  0.18936521E+05
    165  0.29272363E+06
    166  0.13183735E+07
    167  0.11998323E+07
    168  0.44573858E+07
    169  0.16672509E+08
    170  0.22751965E+08
    171  0.10422846E+09
    172  0.30354055E+08
    173  0.15599822E+09
    174  0.30390016E+08
    175  0.10773331E+08
    176  0.28674580E+08
    177  0.44308258E+08
    178  0.55266243E+08
    179  0.11340338E+09
    180  0.62053735E+04
    181  0.35453727E+06
    182  0.21283127E+08
    183  0.31506538E+05
    184  0.12188368E+08
    185  0.39714457E+08
    186  0.77513417E+08
    187  0.69283281E+07
    188  0.23864806E+07
    189  0.41367028E+06
    190  0.12687364E+06
    191  0.27606202E+06
    192  0.14399018E+07
    193  0.59885051E+07
    194  0.64682497E+08
    195  0.17385214E+05
    196  0.57122061E+08
    197  0.86502516E+08
    198  0.96801360E+08
    199  0.96770742E+08
    200  0.96756011E+08
    201  0.96749553E+08
    202  0.96750773E+08
    203  0.96742711E+08
    204  0.96723739E+08
    205  0.96697369E+08
    206  0.96740848E+08
    207  0.97746959E+08
    208  0.10479582E+09
    209  0.91232297E+08
    210  0.13205516E+08
    211  0.26789051E+08
    212  0.81609096E+07
    213  0.25994726E+03
    214  0.20241594E+08
    215  0.71566854E+08
    216  0.30935435E+08
    217  0.30848874E+08
    218  0.30924596E+08
    219  0.30903924E+08
    220  0.18349936E+07
    221  0.48614260E+03
    222  0.89259148E+06
    223  0.19858667E+08
    224  0.33567921E+08
    225  0.10522545E+06
    226  0.43602878E+08
    227  0.30713088E+08
    228  0.36959568E+05
    229  0.40211081E+06
    230  0.65349813E+08
    231  0.62379177E+07
    232  0.22413104E+08
    233  0.69481920E+05
    234  0.24451720E+08
    235  0.15539545E+08
    236  0.24951586E+08
    237  0.30942429E+08
    238  0.30944289E+08
    239  0.30942857E+08
    240  0.30665015E+08
    241  0.30712651E+08
    242  0.27578440E+07
    243  0.60043287E+08
    244  0.88884115E+08
    245  0.68643629E+08
    246  0.49066972E+08
    247  0.50579253E+08
    248  0.25190790E+08
    249  0.38462369E+08
    250  0.22477877E+08
    251  0.52493830E+08
    252  0.46005093E+08
    253  0.95594282E+08
    254  0.96766691E+08
    255  0.22581650E+07
    256  0.97377243E+06
    257  0.25907913E+06
    258  0.49014822E+04
    259  0.29856753E+08
    260  0.30808083E+08
    261  0.83087912E+07
    262  0.18713800E+04
    263  0.12326376E+08
    264  0.47686498E+08
    265  0.58021950E+08
    266  0.30507689E+08
    267  0.30704105E+08
    268  0.32579031E+08
    269  0.50222826E+08
    270  0.53011965E+08
    271  0.45382357E+08
    272  0.35837325E+08
    273  0.48235958E+08
    274  0.46144049E+08
    275  0.48438358E+08
    276  0.80423688E+08
    277  0.25473183E+08
    278  0.40183518E+08
    279  0.69404635E+08
    280  0.38444270E+08
    281  0.39653296E+08
    282  0.29322024E+08
    283  0.61065535E+08
    284  0.28585175E+08
    285  0.37739342E+08
    286  0.48665480E+08
