0    Mesh check switch
2    dimensionality
2    Problem code (1: potential, 2: elasticity, 3: thermoelasticity)
2    Plane strain (if 2, plane stress)
1    number of materials
1  210.0e9  0.30   10.0e-6       material_number    E    v    alpha
         199       :TOTAL NUMBER OF NODE
1,	-54.4567,	2.185851087489,
2,	-54.4567,	-17.81414891251,
3,	-67.2479,	-17.81414891251,
4,	-67.2479,	26.69055131064,
5,	19.68784269618,	26.69055131061,
6,	49.15370006535,	-17.81414891249,
7,	39.0065,	-17.81414891251,
8,	39.0065,	-7.272802248813,
9,	72.0138,	11.2881,
10,	28.66218987577,	13.2959,
11,	-53.2753,	13.2959,
12,	-53.2753,	2.185851087489,
13,	-53.2753,	3.599913637665,
14,	-53.2753,	5.73673864793,
15,	-53.2753,	8.722595863924,
16,	-48.15420688276,	13.2959,
17,	-43.03311376553,	13.2959,
18,	-37.91202064829,	13.2959,
19,	-32.79092753106,	13.2959,
20,	-27.66983441382,	13.2959,
21,	-22.54874129658,	13.2959,
22,	-17.42764817935,	13.2959,
23,	-12.30655506211,	13.2959,
24,	-7.185461944878,	13.2959,
25,	-2.064368827642,	13.2959,
26,	3.056724289594,	13.2959,
27,	8.177817406829,	13.2959,
28,	13.29891052407,	13.2959,
29,	18.4200036413,	13.2959,
30,	23.54109675854,	13.2959,
31,	29.72098062602,	18.26750183502,
32,	31.9061651155,	22.85692787818,
33,	35.09808773013,	26.81287184656,
34,	39.12196622042,	29.91871546049,
35,	43.75746237046,	32.00438995611,
36,	48.75074720557,	32.95568865487,
37,	53.82840007581,	32.72052065525,
38,	58.71238053413,	31.31176320931,
39,	63.13525318374,	28.80655659426,
40,	66.85483181771,	25.34208009059,
41,	69.66744097164,	21.10804036404,
42,	71.41906871789,	16.33628357044,
43,	71.41558085994,	6.225341353481,
44,	69.65387263385,	1.441433392558,
45,	66.82570810187,	-2.800131959118,
46,	63.08685918083,	-6.265734359578,
47,	58.6432571935,	-8.764492577292,
48,	53.73965041787,	-10.15877800091,
49,	48.64612364503,	-10.37179505839,
50,	43.64322223213,	-9.391811025226,
51,	39.0065,	-12.54347558066,
52,	44.08010003269,	-17.81414891251,
53,	54.06241727952,	-17.43548839203,
54,	58.85498911602,	-16.30848188333,
55,	63.41801949618,	-14.45979526078,
56,	67.6435434756,	-11.93316992686,
57,	71.43158178098,	-8.788387855608,
58,	74.69250639957,	-5.09985710333,
59,	77.34916124962,	-0.9548512545531,
60,	79.33868775485,	3.548555540715,
61,	80.61401212862,	8.303809079731,
62,	81.14495917735,	13.19839626458,
63,	80.91896626966,	18.11650725198,
64,	79.9413805783,	22.94177560666,
65,	78.23533256177,	27.56003162425,
66,	75.84118867918,	31.86200367763,
67,	72.81559628756,	35.745903671,
68,	69.2301433202,	39.11983542749,
69,	65.16966445886,	41.90396902617,
70,	60.7302338775,	44.03242964172,
71,	56.01689205052,	45.45485619546,
72,	51.14116041126,	46.13759293869,
73,	46.21840266573,	46.0644857746,
74,	41.36509519518,	45.2372644771,
75,	36.6960711319,	43.67550176298,
76,	32.32180331551,	41.41615018584,
77,	28.34579041734,	38.51266780907,
78,	24.86210807916,	35.03375334543,
79,	21.95318300836,	31.06172069058,
80,	14.57397547875,	26.69055131064,
81,	9.46010826133,	26.69055131064,
82,	4.346241043908,	26.69055131064,
83,	-0.767626173514,	26.69055131064,
84,	-5.881493390936,	26.69055131064,
85,	-10.99536060836,	26.69055131064,
86,	-16.10922782578,	26.69055131064,
87,	-21.2230950432,	26.69055131064,
88,	-26.33696226062,	26.69055131064,
89,	-31.45082947805,	26.69055131064,
90,	-36.56469669547,	26.69055131064,
91,	-41.67856391289,	26.69055131064,
92,	-46.79243113031,	26.69055131064,
93,	-51.90629834773,	26.69055131064,
94,	-57.02016556516,	26.69055131064,
95,	-62.13403278258,	26.69055131064,
96,	-67.2479,	21.74558461918,
97,	-67.2479,	16.80061792772,
98,	-67.2479,	11.85565123626,
99,	-67.2479,	6.910684544796,
100,	-67.2479,	1.965717853335,
101,	-67.2479,	-2.979248838126,
102,	-67.2479,	-7.924215529588,
103,	-67.2479,	-12.86918222105,
104,	-62.98416666667,	-17.81414891251,
105,	-58.72043333333,	-17.81414891251,
106,	-54.4567,	-13.09601475439,
107,	-54.4567,	-8.377880596271,
108,	-54.4567,	-4.195862890386,
109,	-54.4567,	-1.277766849665,
110,	-54.4567,	0.8916185458589,
111,	-54.55578250328,	3.981636048496,
112,	-57.38492728398,	12.15888068897,
113,	-51.02980983814,	17.69435591485,
114,	-45.96493366134,	17.74547364002,
115,	-40.86625972153,	17.75672722079,
116,	-35.753346251,	17.75929101541,
117,	-30.6359050616,	17.75980249969,
118,	-25.51699662889,	17.75978749633,
119,	-20.39822189414,	17.75990093845,
120,	-15.27980135338,	17.75998804913,
121,	-10.16018324726,	17.7598696093,
122,	-5.042287539099,	17.75979422665,
123,	0.07457149220804,	17.75989400478,
124,	5.190133492531,	17.75993537606,
125,	10.29470069234,	17.76163819076,
126,	15.37583598756,	17.76921569216,
127,	20.39726948605,	17.80275579278,
128,	25.26243775378,	17.93396784188,
129,	27.27964116244,	22.69335423885,
130,	29.95826844713,	27.80658523602,
131,	34.33369837548,	31.62748155478,
132,	38.99572290267,	35.16916879981,
133,	45.32981037831,	37.24555129894,
134,	52.00288862857,	37.50814402337,
135,	57.62930714803,	35.86107874924,
136,	63.06073217394,	33.76001281061,
137,	67.39534558878,	29.86273865325,
138,	70.92786473598,	25.68042091934,
139,	74.97208546448,	20.5381608096,
140,	76.53364037731,	13.70661248458,
141,	75.82794205492,	7.618199200261,
142,	74.32098360613,	2.510548060966,
143,	71.60490617861,	-2.747252289254,
144,	67.9899840373,	-6.670339716645,
145,	74.93731629649,	26.27869722817,
146,	71.71861037263,	30.67913547139,
147,	65.37789884114,	37.56478160827,
148,	56.89992591296,	40.5729890714,
149,	48.69737092844,	41.71801872603,
150,	40.55820107445,	40.30147960088,
151,	33.24727866324,	36.4312956051,
152,	26.25796731818,	30.78007571836,
153,	17.47060112318,	22.2528394899,
154,	12.41363260881,	22.23176827874,
155,	7.319781945742,	22.22628596423,
156,	2.211977123907,	22.22471733054,
157,	-2.90297475284,	22.22473517191,
158,	-8.017383064736,	22.22456093387,
159,	-13.13456339543,	22.22456957032,
160,	-18.25186761116,	22.22473167004,
161,	-23.36798574201,	22.22460875782,
162,	-33.60022688037,	22.22457738235,
163,	-38.71367542587,	22.22375556033,
164,	-43.81930958461,	22.21923640897,
165,	-48.90737984355,	22.19847941054,
166,	-53.94816147004,	22.12125688705,
167,	-58.85702122517,	21.98444009485,
168,	-63.44118461293,	21.74498339461,
169,	-62.61925797276,	12.67382634033,
170,	-63.3959061847,	7.845940491898,
171,	-63.09505122205,	2.843898649754,
172,	-63.46955546637,	-1.844049739652,
173,	-63.05607608322,	-6.85696111503,
174,	-62.88811951802,	-12.14638865311,
175,	-58.7255762323,	-10.58538841488,
176,	-58.85568500337,	-5.440151268275,
177,	-57.00709053803,	-2.326223520233,
178,	-55.935181682,	1.879321599788,
179,	-56.55465804246,	7.57064099031,
180,	-56.00012597886,	17.43503273287,
181,	68.33216050692,	34.35546216491,
182,	61.31676310192,	38.94339900608,
183,	52.956425054,	42.2148806347,
184,	44.44213708839,	42.04928081204,
185,	36.3723993662,	39.33644922517,
186,	29.65410865821,	33.41545861978,
187,	22.43311067499,	22.33691451491,
188,	24.5851997795,	26.75397407242,
189,	-28.4843605279,	22.22453976513,
190,	-56.99308025842,	0.2879718329718,
191,	-55.9409002617,	3.424253901605,
192,	-60.96694872635,	17.18679068553,
193,	-59.88975016843,	5.23048614124,
194,	-60.10617606405,	-0.9187941539255,
195,	-59.8878219941,	9.023971710732,
196,	-59.70165411091,	2.002226732395,
197,	-55.57159410554,	5.231324262721,
198,	-57.69548056003,	2.791408756607,
199,	-57.32102670681,	4.821596995992,
         286        :TOTAL NUMBER OF ELEMENT
1	3	1	12,	13,	1	1
2	3	1	13,	14,	111	1
3	3	1	15,	11,	112	1
4	3	1	11,	16,	113	1
5	3	1	16,	17,	114	1
6	3	1	16,	114,	113	1
7	3	1	17,	18,	115	1
8	3	1	17,	115,	114	1
9	3	1	18,	19,	116	1
10	3	1	18,	116,	115	1
11	3	1	19,	20,	117	1
12	3	1	19,	117,	116	1
13	3	1	20,	21,	118	1
14	3	1	20,	118,	117	1
15	3	1	21,	22,	119	1
16	3	1	21,	119,	118	1
17	3	1	22,	23,	120	1
18	3	1	22,	120,	119	1
19	3	1	23,	24,	121	1
20	3	1	23,	121,	120	1
21	3	1	24,	25,	122	1
22	3	1	24,	122,	121	1
23	3	1	25,	26,	123	1
24	3	1	25,	123,	122	1
25	3	1	26,	27,	124	1
26	3	1	26,	124,	123	1
27	3	1	27,	28,	125	1
28	3	1	27,	125,	124	1
29	3	1	28,	29,	126	1
30	3	1	28,	126,	125	1
31	3	1	29,	30,	127	1
32	3	1	29,	127,	126	1
33	3	1	30,	10,	128	1
34	3	1	127,	30,	128	1
35	3	1	10,	31,	128	1
36	3	1	31,	32,	129	1
37	3	1	31,	129,	128	1
38	3	1	32,	33,	130	1
39	3	1	33,	34,	131	1
40	3	1	34,	35,	132	1
41	3	1	35,	36,	133	1
42	3	1	36,	37,	134	1
43	3	1	37,	38,	135	1
44	3	1	38,	39,	136	1
45	3	1	39,	40,	137	1
46	3	1	40,	41,	138	1
47	3	1	41,	42,	139	1
48	3	1	42,	9,	140	1
49	3	1	9,	43,	141	1
50	3	1	43,	44,	142	1
51	3	1	44,	45,	143	1
52	3	1	45,	46,	144	1
53	3	1	45,	144,	143	1
54	3	1	46,	47,	55	1
55	3	1	47,	48,	54	1
56	3	1	6,	53,	49	1
57	3	1	49,	50,	52	1
58	3	1	50,	8,	51	1
59	3	1	51,	7,	52	1
60	3	1	52,	6,	49	1
61	3	1	54,	55,	47	1
62	3	1	56,	57,	144	1
63	3	1	57,	58,	143	1
64	3	1	58,	59,	143	1
65	3	1	59,	60,	142	1
66	3	1	60,	61,	141	1
67	3	1	61,	62,	140	1
68	3	1	62,	63,	140	1
69	3	1	63,	64,	139	1
70	3	1	64,	65,	145	1
71	3	1	139,	64,	145	1
72	3	1	65,	66,	145	1
73	3	1	66,	67,	146	1
74	3	1	68,	69,	147	1
75	3	1	70,	71,	148	1
76	3	1	72,	73,	149	1
77	3	1	74,	75,	150	1
78	3	1	76,	77,	151	1
79	3	1	78,	79,	152	1
80	3	1	5,	80,	153	1
81	3	1	80,	81,	154	1
82	3	1	80,	154,	153	1
83	3	1	81,	82,	155	1
84	3	1	81,	155,	154	1
85	3	1	82,	83,	156	1
86	3	1	82,	156,	155	1
87	3	1	83,	84,	157	1
88	3	1	83,	157,	156	1
89	3	1	84,	85,	158	1
90	3	1	84,	158,	157	1
91	3	1	85,	86,	159	1
92	3	1	85,	159,	158	1
93	3	1	86,	87,	160	1
94	3	1	86,	160,	159	1
95	3	1	87,	88,	161	1
96	3	1	87,	161,	160	1
97	3	1	89,	90,	162	1
98	3	1	90,	91,	163	1
99	3	1	90,	163,	162	1
100	3	1	91,	92,	164	1
101	3	1	91,	164,	163	1
102	3	1	92,	93,	165	1
103	3	1	92,	165,	164	1
104	3	1	93,	94,	166	1
105	3	1	93,	166,	165	1
106	3	1	94,	95,	167	1
107	3	1	94,	167,	166	1
108	3	1	95,	4,	168	1
109	3	1	167,	95,	168	1
110	3	1	4,	96,	168	1
111	3	1	197,	179,	199	1
112	3	1	96,	97,	168	1
113	3	1	97,	98,	169	1
114	3	1	198,	199,	193	1
115	3	1	98,	99,	170	1
116	3	1	98,	170,	169	1
117	3	1	99,	100,	171	1
118	3	1	99,	171,	170	1
119	3	1	100,	101,	172	1
120	3	1	100,	172,	171	1
121	3	1	101,	102,	173	1
122	3	1	101,	173,	172	1
123	3	1	102,	103,	174	1
124	3	1	102,	174,	173	1
125	3	1	103,	3,	104	1
126	3	1	104,	105,	174	1
127	3	1	105,	2,	106	1
128	3	1	106,	107,	175	1
129	3	1	107,	108,	176	1
130	3	1	107,	176,	175	1
131	3	1	108,	109,	177	1
132	3	1	108,	177,	176	1
133	3	1	110,	1,	178	1
134	3	1	1,	13,	111	1
135	3	1	52,	50,	51	1
136	3	1	103,	104,	174	1
137	3	1	105,	106,	175	1
138	3	1	15,	112,	179	1
139	3	1	15,	179,	14	1
140	3	1	11,	113,	180	1
141	3	1	129,	32,	130	1
142	3	1	131,	34,	132	1
143	3	1	130,	33,	131	1
144	3	1	35,	133,	132	1
145	3	1	36,	134,	133	1
146	3	1	37,	135,	134	1
147	3	1	38,	136,	135	1
148	3	1	39,	137,	136	1
149	3	1	40,	138,	137	1
150	3	1	42,	140,	139	1
151	3	1	9,	141,	140	1
152	3	1	43,	142,	141	1
153	3	1	44,	143,	142	1
154	3	1	144,	57,	143	1
155	3	1	56,	144,	46	1
156	3	1	48,	49,	53	1
157	3	1	141,	61,	140	1
158	3	1	145,	66,	146	1
159	3	1	53,	54,	48	1
160	3	1	59,	142,	143	1
161	3	1	55,	56,	46	1
162	3	1	142,	60,	141	1
163	3	1	140,	63,	139	1
164	3	1	67,	68,	181	1
165	3	1	69,	70,	182	1
166	3	1	71,	72,	183	1
167	3	1	73,	74,	184	1
168	3	1	75,	76,	185	1
169	3	1	77,	78,	186	1
170	3	1	5,	153,	187	1
171	3	1	79,	5,	188	1
172	3	1	89,	162,	189	1
173	3	1	89,	189,	88	1
174	3	1	161,	88,	189	1
175	3	1	105,	175,	174	1
176	3	1	177,	109,	190	1
177	3	1	178,	1,	191	1
178	3	1	1,	111,	191	1
179	3	1	112,	11,	180	1
180	3	1	67,	181,	146	1
181	3	1	183,	72,	149	1
182	3	1	186,	78,	152	1
183	3	1	181,	68,	147	1
184	3	1	151,	77,	186	1
185	3	1	152,	79,	188	1
186	3	1	188,	5,	187	1
187	3	1	185,	76,	151	1
188	3	1	184,	74,	150	1
189	3	1	182,	70,	148	1
190	3	1	69,	182,	147	1
191	3	1	71,	183,	148	1
192	3	1	73,	184,	149	1
193	3	1	75,	185,	150	1
194	3	1	180,	113,	166	1
195	3	1	146,	181,	137	1
196	3	1	129,	130,	188	1
197	3	1	113,	114,	165	1
198	3	1	116,	117,	162	1
199	3	1	117,	118,	189	1
200	3	1	118,	119,	161	1
201	3	1	119,	120,	160	1
202	3	1	120,	121,	159	1
203	3	1	121,	122,	158	1
204	3	1	122,	123,	157	1
205	3	1	123,	124,	156	1
206	3	1	124,	125,	155	1
207	3	1	125,	126,	154	1
208	3	1	126,	127,	153	1
209	3	1	127,	128,	187	1
210	3	1	131,	132,	151	1
211	3	1	128,	129,	187	1
212	3	1	132,	133,	150	1
213	3	1	41,	139,	138	1
214	3	1	187,	153,	127	1
215	3	1	180,	166,	167	1
216	3	1	160,	120,	159	1
217	3	1	189,	162,	117	1
218	3	1	161,	119,	160	1
219	3	1	189,	118,	161	1
220	3	1	183,	149,	134	1
221	3	1	139,	145,	138	1
222	3	1	148,	183,	134	1
223	3	1	151,	186,	131	1
224	3	1	165,	114,	164	1
225	3	1	147,	182,	136	1
226	3	1	188,	130,	152	1
227	3	1	186,	152,	130	1
228	3	1	137,	181,	136	1
229	3	1	182,	148,	135	1
230	3	1	166,	113,	165	1
231	3	1	184,	150,	133	1
232	3	1	186,	130,	131	1
233	3	1	181,	147,	136	1
234	3	1	188,	187,	129	1
235	3	1	174,	175,	173	1
236	3	1	153,	154,	126	1
237	3	1	156,	157,	123	1
238	3	1	157,	158,	122	1
239	3	1	158,	159,	121	1
240	3	1	163,	164,	115	1
241	3	1	162,	163,	116	1
242	3	1	184,	133,	149	1
243	3	1	167,	168,	192	1
244	3	1	180,	167,	192	1
245	3	1	168,	97,	192	1
246	3	1	97,	169,	192	1
247	3	1	170,	171,	193	1
248	3	1	172,	173,	176	1
249	3	1	177,	190,	194	1
250	3	1	175,	176,	173	1
251	3	1	109,	110,	190	1
252	3	1	112,	180,	192	1
253	3	1	114,	115,	164	1
254	3	1	115,	116,	163	1
255	3	1	133,	134,	149	1
256	3	1	134,	135,	148	1
257	3	1	135,	136,	182	1
258	3	1	137,	138,	146	1
259	3	1	155,	125,	154	1
260	3	1	156,	124,	155	1
261	3	1	150,	185,	132	1
262	3	1	138,	145,	146	1
263	3	1	185,	151,	132	1
264	3	1	170,	193,	195	1
265	3	1	169,	170,	195	1
266	3	1	193,	171,	196	1
267	3	1	172,	176,	194	1
268	3	1	171,	172,	194	1
269	3	1	179,	112,	195	1
270	3	1	14,	179,	197	1
271	3	1	178,	191,	198	1
272	3	1	179,	195,	193	1
273	3	1	193,	199,	179	1
274	3	1	190,	110,	178	1
275	3	1	191,	111,	197	1
276	3	1	169,	195,	112	1
277	3	1	194,	190,	196	1
278	3	1	196,	171,	194	1
279	3	1	192,	169,	112	1
280	3	1	190,	178,	198	1
281	3	1	196,	190,	198	1
282	3	1	196,	198,	193	1
283	3	1	111,	14,	197	1
284	3	1	176,	177,	194	1
285	3	1	198,	191,	199	1
286	3	1	199,	191,	197	1
1
286
1     1
2     2
3     3
4     4
5     5
6     6
7     7
8     8
9     9
10     10
11     11
12     12
13     13
14     14
15     15
16     16
17     17
18     18
19     19
20     20
21     21
22     22
23     23
24     24
25     25
26     26
27     27
28     28
29     29
30     30
31     31
32     32
33     33
34     34
35     35
36     36
37     37
38     38
39     39
40     40
41     41
42     42
43     43
44     44
45     45
46     46
47     47
48     48
49     49
50     50
51     51
52     52
53     53
54     54
55     55
56     56
57     57
58     58
59     59
60     60
61     61
62     62
63     63
64     64
65     65
66     66
67     67
68     68
69     69
70     70
71     71
72     72
73     73
74     74
75     75
76     76
77     77
78     78
79     79
80     80
81     81
82     82
83     83
84     84
85     85
86     86
87     87
88     88
89     89
90     90
91     91
92     92
93     93
94     94
95     95
96     96
97     97
98     98
99     99
100     100
101     101
102     102
103     103
104     104
105     105
106     106
107     107
108     108
109     109
110     110
111     111
112     112
113     113
114     114
115     115
116     116
117     117
118     118
119     119
120     120
121     121
122     122
123     123
124     124
125     125
126     126
127     127
128     128
129     129
130     130
131     131
132     132
133     133
134     134
135     135
136     136
137     137
138     138
139     139
140     140
141     141
142     142
143     143
144     144
145     145
146     146
147     147
148     148
149     149
150     150
151     151
152     152
153     153
154     154
155     155
156     156
157     157
158     158
159     159
160     160
161     161
162     162
163     163
164     164
165     165
166     166
167     167
168     168
169     169
170     170
171     171
172     172
173     173
174     174
175     175
176     176
177     177
178     178
179     179
180     180
181     181
182     182
183     183
184     184
185     185
186     186
187     187
188     188
189     189
190     190
191     191
192     192
193     193
194     194
195     195
196     196
197     197
198     198
199     199
200     200
201     201
202     202
203     203
204     204
205     205
206     206
207     207
208     208
209     209
210     210
211     211
212     212
213     213
214     214
215     215
216     216
217     217
218     218
219     219
220     220
221     221
222     222
223     223
224     224
225     225
226     226
227     227
228     228
229     229
230     230
231     231
232     232
233     233
234     234
235     235
236     236
237     237
238     238
239     239
240     240
241     241
242     242
243     243
244     244
245     245
246     246
247     247
248     248
249     249
250     250
251     251
252     252
253     253
254     254
255     255
256     256
257     257
258     258
259     259
260     260
261     261
262     262
263     263
264     264
265     265
266     266
267     267
268     268
269     269
270     270
271     271
272     272
273     273
274     274
275     275
276     276
277     277
278     278
279     279
280     280
281     281
282     282
283     283
284     284
285	285
286	286
109         :TOTAL NUMBER OF SURFACE ELEMENT
1	2	4	96
2	2	96	97
3	2	97	98
4	2	98	99
5	2	99	100
6	2	100	101
7	2	101	102
8	2	102	103
9	2	103	3
10	2	3	104
11	2	104	105
12	2	105	2
13	2	2	106
14	2	106	107
15	2	107	108
16	2	108	109
17	2	109	110
18	2	110	1
19	2	1	12
20	2	12	13
21	2	13	14
22	2	14	15
23	2	15	11
24	2	11	16
25	2	16	17
26	2	17	18
27	2	18	19
28	2	19	20
29	2	20	21
30	2	21	22
31	2	22	23
32	2	23	24
33	2	24	25
34	2	25	26
35	2	26	27
36	2	27	28
37	2	28	29
38	2	29	30
39	2	30	10
40	2	10	31
41	2	31	32
42	2	32	33
43	2	33	34
44	2	34	35
45	2	35	36
46	2	36	37
47	2	37	38
48	2	38	39
49	2	39	40
50	2	40	41
51	2	41	42
52	2	42	9
53	2	9	43
54	2	43	44
55	2	44	45
56	2	45	46
57	2	46	47
58	2	47	48
59	2	48	49
60	2	49	50
61	2	50	8
62	2	8	51
63	2	51	7
64	2	7	52
65	2	6	53
66	2	53	54
67	2	54	55
68	2	55	56
69	2	56	57
70	2	57	58
71	2	58	59
72	2	59	60
73	2	60	61
74	2	61	62
75	2	62	63
76	2	63	64
77	2	64	65
78	2	65	66
79	2	66	67
80	2	67	68
81	2	68	69
82	2	69	70
83	2	70	71
84	2	71	72
85	2	72	73
86	2	73	74
87	2	74	75
88	2	75	76
89	2	76	77
90	2	77	78
91	2	78	79
92	2	79	5
93	2	5	80
94	2	80	81
95	2	81	82
96	2	82	83
97	2	83	84
98	2	84	85
99	2	85	86
100	2	86	87
101	2	87	88
102	2	88	89
103	2	89	90
104	2	90	91
105	2	91	92
106	2	92	93
107	2	93	94
108	2	94	95
109	2	95	4
1	1	-1.00E+07	1	0	1	-1.00E+07	1	0
2	1	-1.00E+07	1	0	1	-1.00E+07	1	0
3	1	-1.00E+07	1	0	1	-1.00E+07	1	0
4	1	-1.00E+07	1	0	1	-1.00E+07	1	0
5	1	-1.00E+07	1	0	1	-1.00E+07	1	0
6	1	-1.00E+07	1	0	1	-1.00E+07	1	0
7	1	-1.00E+07	1	0	1	-1.00E+07	1	0
8	1	-1.00E+07	1	0	1	-1.00E+07	1	0
9	1	-1.00E+07	1	0	1	-1.00E+07	1	0
10	1	0	1	0	1	0	1	0
11	1	0	1	0	1	0	1	0
12	1	0	1	0	1	0	1	0
13	1	0	1	0	1	0	1	0
14	1	0	1	0	1	0	1	0
15	1	0	1	0	1	0	1	0
16	1	0	1	0	1	0	1	0
17	1	0	1	0	1	0	1	0
18	1	0	1	0	1	0	1	0
19	1	0	1	0	1	0	1	0
20	1	0	1	0	1	0	1	0
21	1	0	1	0	1	0	1	0
22	1	0	1	0	1	0	1	0
23	1	0	1	0	1	0	1	0
24	1	0	1	0	1	0	1	0
25	1	0	1	0	1	0	1	0
26	1	0	1	0	1	0	1	0
27	1	0	1	0	1	0	1	0
28	1	0	1	0	1	0	1	0
29	1	0	1	0	1	0	1	0
30	1	0	1	0	1	0	1	0
31	1	0	1	0	1	0	1	0
32	1	0	1	0	1	0	1	0
33	1	0	1	0	1	0	1	0
34	1	0	1	0	1	0	1	0
35	1	0	1	0	1	0	1	0
36	1	0	1	0	1	0	1	0
37	1	0	1	0	1	0	1	0
38	1	0	1	0	1	0	1	0
39	1	0	1	0	1	0	1	0
40	0	0	0	0	0	0	0	0
41	0	0	0	0	0	0	0	0
42	0	0	0	0	0	0	0	0
43	0	0	0	0	0	0	0	0
44	0	0	0	0	0	0	0	0
45	0	0	0	0	0	0	0	0
46	1	0	1	0	1	0	1	0
47	1	0	1	0	1	0	1	0
48	1	0	1	0	1	0	1	0
49	1	0	1	0	1	0	1	0
50	1	0	1	0	1	0	1	0
51	1	0	1	0	1	0	1	0
52	1	0	1	0	1	0	1	0
53	1	0	1	0	1	0	1	0
54	1	0	1	0	1	0	1	0
55	1	0	1	0	1	0	1	0
56	1	0	1	0	1	0	1	0
57	1	0	1	0	1	0	1	0
58	1	0	1	0	1	0	1	0
59	1	0	1	0	1	0	1	0
60	1	0	1	0	1	0	1	0
61	1	0	1	0	1	0	1	0
62	1	0	1	0	1	0	1	0
63	1	0	1	0	1	0	1	0
64	1	0	1	0	1	0	1	0
65	1	0	1	0	1	0	1	0
66	1	0	1	0	1	0	1	0
67	1	0	1	0	1	0	1	0
68	1	0	1	0	1	0	1	0
69	1	0	1	0	1	0	1	0
70	1	0	1	0	1	0	1	0
71	1	0	1	0	1	0	1	0
72	1	0	1	0	1	0	1	0
73	1	0	1	0	1	0	1	0
74	1	0	1	0	1	0	1	0
75	1	0	1	0	1	0	1	0
76	1	0	1	0	1	0	1	0
77	1	0	1	0	1	0	1	0
78	1	0	1	0	1	0	1	0
79	1	0	1	0	1	0	1	0
80	1	0	1	0	1	0	1	0
81	1	0	1	0	1	0	1	0
82	1	0	1	0	1	0	1	0
83	1	0	1	0	1	0	1	0
84	1	0	1	0	1	0	1	0
85	1	0	1	0	1	0	1	0
86	1	0	1	0	1	0	1	0
87	1	0	1	0	1	0	1	0
88	1	0	1	0	1	0	1	0
89	1	0	1	0	1	0	1	0
90	1	0	1	0	1	0	1	0
91	1	0	1	0	1	0	1	0
92	1	0	1	0	1	0	1	0
93	1	0	1	0	1	0	1	0
94	1	0	1	0	1	0	1	0
95	1	0	1	0	1	0	1	0
96	1	0	1	0	1	0	1	0
97	1	0	1	0	1	0	1	0
98	1	0	1	0	1	0	1	0
99	1	0	1	0	1	0	1	0
100	1	0	1	0	1	0	1	0
101	1	0	1	0	1	0	1	0
102	1	0	1	0	1	0	1	0
103	1	0	1	0	1	0	1	0
104	1	0	1	0	1	0	1	0
105	1	0	1	0	1	0	1	0
106	1	0	1	0	1	0	1	0
107	1	0	1	0	1	0	1	0
108	1	0	1	0	1	0	1	0
109	1	0	1	0	1	0	1	0
110	1	0	1	0	1	0	1	0
111	1	0	1	0	1	0	1	0
112	1	0	1	0	1	0	1	0
113	1	0	1	0	1	0	1	0
114	1	0	1	0	1	0	1	0
115	1	0	1	0	1	0	1	0
116	1	0	1	0	1	0	1	0
117	1	0	1	0	1	0	1	0
118	1	0	1	0	1	0	1	0
119	1	0	1	0	1	0	1	0
120	1	0	1	0	1	0	1	0
121	1	0	1	0	1	0	1	0
1     100.00000000000
2     100.00000000000
3     100.00000000000
4     100.00000000000
5     100.00000000000
6     100.00000000000
7     100.00000000000
8     100.00000000000
9     100.00000000000
10     100.00000000000
11     100.00000000000
12     100.00000000000
13     100.00000000000
14     100.00000000000
15     100.00000000000
16     100.00000000000
17     100.00000000000
18     100.00000000000
19     100.00000000000
20     100.00000000000
21     100.00000000000
22     100.00000000000
23     100.00000000000
24     100.00000000000
25     100.00000000000
26     100.00000000000
27     100.00000000000
28     100.00000000000
29     100.00000000000
30     100.00000000000
31     100.00000000000
32     100.00000000000
33     100.00000000000
34     100.00000000000
35     100.00000000000
36     100.00000000000
37     100.00000000000
38     100.00000000000
39     100.00000000000
40     100.00000000000
41     100.00000000000
42     100.00000000000
43     100.00000000000
44     100.00000000000
45     100.00000000000
46     100.00000000000
47     100.00000000000
48     100.00000000000
49     100.00000000000
50     100.00000000000
51     100.00000000000
52     100.00000000000
53     100.00000000000
54     100.00000000000
55     100.00000000000
56     100.00000000000
57     100.00000000000
58     100.00000000000
59     100.00000000000
60     100.00000000000
61     100.00000000000
62     100.00000000000
63     100.00000000000
64     100.00000000000
65     100.00000000000
66     100.00000000000
67     100.00000000000
68     100.00000000000
69     100.00000000000
70     100.00000000000
71     100.00000000000
72     100.00000000000
73     100.00000000000
74     100.00000000000
75     100.00000000000
76     100.00000000000
77     100.00000000000
78     100.00000000000
79     100.00000000000
80     100.00000000000
81     100.00000000000
82     100.00000000000
83     100.00000000000
84     100.00000000000
85     100.00000000000
86     100.00000000000
87     100.00000000000
88     100.00000000000
89     100.00000000000
90     100.00000000000
91     100.00000000000
92     100.00000000000
93     100.00000000000
94     100.00000000000
95     100.00000000000
96     100.00000000000
97     100.00000000000
98     100.00000000000
99     100.00000000000
100     100.00000000000
101     100.00000000000
102     100.00000000000
103     100.00000000000
104     100.00000000000
105     100.00000000000
106     100.00000000000
107     100.00000000000
108     100.00000000000
109     100.00000000000
110     100.00000000000
111     100.00000000000
112     100.00000000000
113     100.00000000000
114     100.00000000000
115     100.00000000000
116     100.00000000000
117     100.00000000000
118     100.00000000000
119     100.00000000000
120     100.00000000000
121     100.00000000000
122     100.00000000000
123     100.00000000000
124     100.00000000000
125     100.00000000000
126     100.00000000000
127     100.00000000000
128     100.00000000000
129     100.00000000000
130     100.00000000000
131     100.00000000000
132     100.00000000000
133     100.00000000000
134     100.00000000000
135     100.00000000000
136     100.00000000000
137     100.00000000000
138     100.00000000000
139     100.00000000000
140     100.00000000000
141     100.00000000000
142     100.00000000000
143     100.00000000000
144     100.00000000000
145     100.00000000000
146     100.00000000000
147     100.00000000000
148     100.00000000000
149     100.00000000000
150     100.00000000000
151     100.00000000000
152     100.00000000000
153     100.00000000000
154     100.00000000000
155     100.00000000000
156     100.00000000000
157     100.00000000000
158     100.00000000000
159     100.00000000000
160     100.00000000000
161     100.00000000000
162     100.00000000000
163     100.00000000000
164     100.00000000000
165     100.00000000000
166     100.00000000000
167     100.00000000000
168     100.00000000000
169     100.00000000000
170     100.00000000000
171     100.00000000000
172     100.00000000000
173     100.00000000000
174     100.00000000000
175     100.00000000000
176     100.00000000000
177     100.00000000000
178     100.00000000000
179     100.00000000000
180     100.00000000000
181     100.00000000000
182     100.00000000000
183     100.00000000000
184     100.00000000000
185     100.00000000000
186     100.00000000000
187     100.00000000000
188     100.00000000000
189     100.00000000000
190     100.00000000000
191     100.00000000000
192     100.00000000000
193     100.00000000000
194     100.00000000000
195     100.00000000000
196     100.00000000000
197     100.00000000000
198     100.00000000000
199     100.00000000000
200     100.00000000000
201     100.00000000000
202     100.00000000000
203     100.00000000000
204     100.00000000000
205     100.00000000000
206     100.00000000000
207     100.00000000000
208     100.00000000000
209     100.00000000000
210     100.00000000000
211     100.00000000000
212     100.00000000000
213     100.00000000000
214     100.00000000000
215     100.00000000000
216     100.00000000000
217     100.00000000000
218     100.00000000000
219     100.00000000000
220     100.00000000000
221     100.00000000000
222     100.00000000000
223     100.00000000000
224     100.00000000000
225     100.00000000000
226     100.00000000000
227     100.00000000000
228     100.00000000000
229     100.00000000000
230     100.00000000000
231     100.00000000000
232     100.00000000000
233     100.00000000000
234     100.00000000000
235     100.00000000000
236     100.00000000000
237     100.00000000000
238     100.00000000000
239     100.00000000000
240     100.00000000000
241     100.00000000000
242     100.00000000000
243     100.00000000000
244     100.00000000000
245     100.00000000000
246     100.00000000000
247     100.00000000000
248     100.00000000000
249     100.00000000000
250     100.00000000000
251     100.00000000000
252     100.00000000000
253     100.00000000000
254     100.00000000000
255     100.00000000000
256     100.00000000000
257     100.00000000000
258     100.00000000000
259     100.00000000000
260     100.00000000000
261     100.00000000000
262     100.00000000000
263     100.00000000000
264     100.00000000000
265     100.00000000000
266     100.00000000000
267     100.00000000000
268     100.00000000000
269     100.00000000000
270     100.00000000000
271     100.00000000000
272     100.00000000000
273     100.00000000000
274     100.00000000000
275     100.00000000000
276     100.00000000000
277     100.00000000000
278     100.00000000000
279     100.00000000000
280     100.00000000000
281     100.00000000000
282     100.00000000000
283     100.00000000000
284     100.00000000000
285     100.00000000000
286     100.00000000000
287     100.00000000000
288     100.00000000000
289     100.00000000000
290     100.00000000000
291     100.00000000000
292     100.00000000000
293     100.00000000000
294     100.00000000000
295     100.00000000000
296     100.00000000000
297     100.00000000000
298     100.00000000000
299     100.00000000000
300     100.00000000000
301     100.00000000000
302     100.00000000000
303     100.00000000000
304     100.00000000000
305     100.00000000000
306     100.00000000000
307     100.00000000000
308     100.00000000000
309     100.00000000000
310     100.00000000000
311     100.00000000000
312     100.00000000000
313     100.00000000000
314     100.00000000000
315     100.00000000000
316     100.00000000000
317     100.00000000000
318     100.00000000000
319     100.00000000000
320     100.00000000000
321     100.00000000000
322     100.00000000000
323     100.00000000000
324     100.00000000000
325     100.00000000000
326     100.00000000000
327     100.00000000000
328     100.00000000000
329     100.00000000000
330     100.00000000000
331     100.00000000000
332     100.00000000000
333     100.00000000000
334     100.00000000000
335     100.00000000000
336     100.00000000000
337     100.00000000000
338     100.00000000000
339     100.00000000000
340     100.00000000000
341     100.00000000000
342     100.00000000000
343     100.00000000000
344     100.00000000000
345     100.00000000000
346     100.00000000000
347     100.00000000000
348     100.00000000000
349     100.00000000000
350     100.00000000000
351     100.00000000000
352     100.00000000000
353     100.00000000000
354     100.00000000000
355     100.00000000000
356     100.00000000000
357     100.00000000000
358     100.00000000000
359     100.00000000000
360     100.00000000000
361     100.00000000000
362     100.00000000000
363     100.00000000000
364     100.00000000000
365     100.00000000000
366     100.00000000000
367     100.00000000000
368     100.00000000000
369     100.00000000000
370     100.00000000000
371     100.00000000000
372     100.00000000000
373     100.00000000000
374     100.00000000000
375     100.00000000000
376     100.00000000000
377     100.00000000000
378     100.00000000000
379     100.00000000000
380     100.00000000000
381     100.00000000000
382     100.00000000000
383     100.00000000000
384     100.00000000000
385     100.00000000000
386     100.00000000000
387     100.00000000000
388     100.00000000000
389     100.00000000000
390     100.00000000000
391     100.00000000000
392     100.00000000000
393     100.00000000000
394     100.00000000000
395     100.00000000000
396     100.00000000000
397     100.00000000000
398     100.00000000000
399     100.00000000000
400     100.00000000000
401     100.00000000000
402     100.00000000000
403     100.00000000000
404     100.00000000000
405     100.00000000000
406     100.00000000000
407     100.00000000000
408     100.00000000000
409     100.00000000000
410     100.00000000000
411     100.00000000000
412     100.00000000000
413     100.00000000000
414     100.00000000000
415     100.00000000000
416     100.00000000000
417     100.00000000000
418     100.00000000000
419     100.00000000000
420     100.00000000000
421     100.00000000000
422     100.00000000000
423     100.00000000000
424     100.00000000000
425     100.00000000000
426     100.00000000000
427     100.00000000000
428     100.00000000000
429     100.00000000000
430     100.00000000000
431     100.00000000000
432     100.00000000000
433     100.00000000000
434     100.00000000000
435     100.00000000000
436     100.00000000000
437     100.00000000000
438     100.00000000000
439     100.00000000000
440     100.00000000000
441     100.00000000000
442     100.00000000000
443     100.00000000000
444     100.00000000000
445     100.00000000000
446     100.00000000000
447     100.00000000000
448     100.00000000000
449     100.00000000000
450     100.00000000000
451     100.00000000000
452     100.00000000000
453     100.00000000000
454     100.00000000000
455     100.00000000000
456     100.00000000000
457     100.00000000000
458     100.00000000000
459     100.00000000000
460     100.00000000000
461     100.00000000000
462     100.00000000000
463     100.00000000000
464     100.00000000000
465     100.00000000000
466     100.00000000000
467     100.00000000000
468     100.00000000000
469     100.00000000000
470     100.00000000000
471     100.00000000000
472     100.00000000000
473     100.00000000000
474     100.00000000000
475     100.00000000000
476     100.00000000000
477     100.00000000000
478     100.00000000000
479     100.00000000000
480     100.00000000000
481     100.00000000000
482     100.00000000000
483     100.00000000000
484     100.00000000000
485     100.00000000000
486     100.00000000000
487     100.00000000000
488     100.00000000000
489     100.00000000000
490     100.00000000000
491     100.00000000000
492     100.00000000000
493     100.00000000000
494     100.00000000000
495     100.00000000000
496     100.00000000000
497     100.00000000000
498     100.00000000000
499     100.00000000000
500     100.00000000000
501     100.00000000000
502     100.00000000000
503     100.00000000000
504     100.00000000000
505     100.00000000000
506     100.00000000000
507     100.00000000000
508     100.00000000000
509     100.00000000000
510     100.00000000000
511     100.00000000000
512     100.00000000000
513     100.00000000000
514     100.00000000000
515     100.00000000000
516     100.00000000000
517     100.00000000000
518     100.00000000000
519     100.00000000000
520     100.00000000000
521     100.00000000000
522     100.00000000000
523     100.00000000000
524     100.00000000000
525     100.00000000000
526     100.00000000000
527     100.00000000000
528     100.00000000000
529     100.00000000000
530     100.00000000000
531     100.00000000000
532     100.00000000000
533     100.00000000000
534     100.00000000000
535     100.00000000000
536     100.00000000000
537     100.00000000000
538     100.00000000000
539     100.00000000000
540     100.00000000000
541     100.00000000000
542     100.00000000000
543     100.00000000000
544     100.00000000000
545     100.00000000000
546     100.00000000000
547     100.00000000000
548     100.00000000000
549     100.00000000000
550     100.00000000000
551     100.00000000000
552     100.00000000000
553     100.00000000000
554     100.00000000000
555     100.00000000000
556     100.00000000000
557     100.00000000000
558     100.00000000000
559     100.00000000000
560     100.00000000000
561     100.00000000000
562     100.00000000000
563     100.00000000000
564     100.00000000000
565     100.00000000000
566     100.00000000000
567     100.00000000000
568     100.00000000000
569     100.00000000000
570     100.00000000000
571     100.00000000000
572     100.00000000000
573     100.00000000000
574     100.00000000000
575     100.00000000000
576     100.00000000000
577     100.00000000000
578     100.00000000000
579     100.00000000000
580     100.00000000000
581     100.00000000000
582     100.00000000000
583     100.00000000000
584     100.00000000000
585     100.00000000000
586     100.00000000000
587     100.00000000000
588     100.00000000000
589     100.00000000000
590     100.00000000000
591     100.00000000000
592     100.00000000000
593     100.00000000000
594     100.00000000000
595     100.00000000000
596     100.00000000000
597     100.00000000000
598     100.00000000000
599     100.00000000000
600     100.00000000000
601     100.00000000000
602     100.00000000000
603     100.00000000000
604     100.00000000000
605     100.00000000000
606     100.00000000000
607     100.00000000000
608     100.00000000000
609     100.00000000000
610     100.00000000000
611     100.00000000000
612     100.00000000000
613     100.00000000000
614     100.00000000000
615     100.00000000000
616     100.00000000000
617     100.00000000000
618     100.00000000000
619     100.00000000000
620     100.00000000000
621     100.00000000000
622     100.00000000000
623     100.00000000000
624     100.00000000000
625     100.00000000000
626     100.00000000000
627     100.00000000000
628     100.00000000000
629     100.00000000000
630     100.00000000000
631     100.00000000000
632     100.00000000000
633     100.00000000000
634     100.00000000000
635     100.00000000000
636     100.00000000000
637     100.00000000000
638     100.00000000000
639     100.00000000000
640     100.00000000000
641     100.00000000000
642     100.00000000000
643     100.00000000000
644     100.00000000000
645     100.00000000000
646     100.00000000000
647     100.00000000000
648     100.00000000000
649     100.00000000000
650     100.00000000000
651     100.00000000000
652     100.00000000000
653     100.00000000000
654     100.00000000000
655     100.00000000000
656     100.00000000000
657     100.00000000000
658     100.00000000000
659     100.00000000000
660     100.00000000000
661     100.00000000000
662     100.00000000000
663     100.00000000000
664     100.00000000000
665     100.00000000000
666     100.00000000000
667     100.00000000000
668     100.00000000000
669     100.00000000000
670     100.00000000000
671     100.00000000000
672     100.00000000000
673     100.00000000000
674     100.00000000000
675     100.00000000000
676     100.00000000000
677     100.00000000000
678     100.00000000000
679     100.00000000000
680     100.00000000000
681     100.00000000000
682     100.00000000000
683     100.00000000000
684     100.00000000000
685     100.00000000000
686     100.00000000000
687     100.00000000000
688     100.00000000000
689     100.00000000000
690     100.00000000000
691     100.00000000000
692     100.00000000000
693     100.00000000000
694     100.00000000000
695     100.00000000000
696     100.00000000000
697     100.00000000000
698     100.00000000000
699     100.00000000000
700     100.00000000000
701     100.00000000000
702     100.00000000000
703     100.00000000000
704     100.00000000000
705     100.00000000000
706     100.00000000000
707     100.00000000000
708     100.00000000000
709     100.00000000000
710     100.00000000000
711     100.00000000000
712     100.00000000000
713     100.00000000000
714     100.00000000000
715     100.00000000000
716     100.00000000000
717     100.00000000000
718     100.00000000000
719     100.00000000000
720     100.00000000000
721     100.00000000000
722     100.00000000000
723     100.00000000000
724     100.00000000000
725     100.00000000000
726     100.00000000000
727     100.00000000000
728     100.00000000000
729     100.00000000000
730     100.00000000000
731     100.00000000000
732     100.00000000000
733     100.00000000000
734     100.00000000000
735     100.00000000000
736     100.00000000000
737     100.00000000000
738     100.00000000000
739     100.00000000000
740     100.00000000000
741     100.00000000000
742     100.00000000000
743     100.00000000000
744     100.00000000000
745     100.00000000000
746     100.00000000000
747     100.00000000000
748     100.00000000000
749     100.00000000000
750     100.00000000000
751     100.00000000000
752     100.00000000000
753     100.00000000000
754     100.00000000000
755     100.00000000000
756     100.00000000000
757     100.00000000000
758     100.00000000000
759     100.00000000000
760     100.00000000000
761     100.00000000000
762     100.00000000000
763     100.00000000000
764     100.00000000000
765     100.00000000000
766     100.00000000000
767     100.00000000000
768     100.00000000000
769     100.00000000000
770     100.00000000000
771     100.00000000000
772     100.00000000000
773     100.00000000000
774     100.00000000000
775     100.00000000000
776     100.00000000000
777     100.00000000000
778     100.00000000000
779     100.00000000000
780     100.00000000000
781     100.00000000000
782     100.00000000000
783     100.00000000000
784     100.00000000000
785     100.00000000000
786     100.00000000000
787     100.00000000000
788     100.00000000000
789     100.00000000000
790     100.00000000000
791     100.00000000000
792     100.00000000000
793     100.00000000000
794     100.00000000000
795     100.00000000000
796     100.00000000000
797     100.00000000000
798     100.00000000000
799     100.00000000000
800     100.00000000000
801     100.00000000000
802     100.00000000000
803     100.00000000000
804     100.00000000000
805     100.00000000000
806     100.00000000000
807     100.00000000000
808     100.00000000000
809     100.00000000000
810     100.00000000000
811     100.00000000000
812     100.00000000000
813     100.00000000000
814     100.00000000000
815     100.00000000000
816     100.00000000000
817     100.00000000000
818     100.00000000000
819     100.00000000000
820     100.00000000000
821     100.00000000000
822     100.00000000000
823     100.00000000000
824     100.00000000000
825     100.00000000000
826     100.00000000000
827     100.00000000000
828     100.00000000000
829     100.00000000000
830     100.00000000000
831     100.00000000000
832     100.00000000000
833     100.00000000000
834     100.00000000000
835     100.00000000000
836     100.00000000000
837     100.00000000000
838     100.00000000000
839     100.00000000000
840     100.00000000000
841     100.00000000000
842     100.00000000000
843     100.00000000000
844     100.00000000000
845     100.00000000000
846     100.00000000000
847     100.00000000000
848     100.00000000000
849     100.00000000000
